n_cs = 0012;
n_tp = 0006;
ris_price = 1.0000e-01;
iab_price = 0001;
ncr_price = 5.0000e-01;
budget = [ 0000, 2.0000e-01, 4.0000e-01, 6.0000e-01, 8.0000e-01, 0001, 1.2000e+00, 1.4000e+00, 1.6000e+00, 1.8000e+00, 0002, 2.2000e+00, 2.4000e+00, 2.6000e+00, 2.8000e+00, 0003, 3.2000e+00, 3.4000e+00, 3.6000e+00, 3.8000e+00, 0004, 4.2000e+00, 4.4000e+00, 4.6000e+00, 4.8000e+00, 0005, 5.2000e+00, 5.4000e+00, 5.6000e+00, 5.8000e+00, 0006, 6.2000e+00, 6.4000e+00, 6.6000e+00, 6.8000e+00, 0007, 7.2000e+00, 7.4000e+00, 7.6000e+00, 7.8000e+00, 0008, 8.2000e+00, 8.4000e+00, 8.6000e+00, 8.8000e+00, 0009, 9.2000e+00, 9.4000e+00, 9.6000e+00, 9.8000e+00, 0010];
delta_bh = [[ 0000, 0001, 0001, 0001, 0001, 0001, 0001, 0001, 0001, 0001, 0001, 0001],
[ 0001, 0000, 0001, 0001, 0001, 0001, 0001, 0001, 0001, 0001, 0001, 0001],
[ 0001, 0001, 0000, 0001, 0001, 0001, 0001, 0001, 0001, 0001, 0001, 0001],
[ 0001, 0001, 0001, 0000, 0001, 0001, 0001, 0001, 0001, 0001, 0001, 0001],
[ 0001, 0001, 0001, 0001, 0000, 0001, 0001, 0001, 0001, 0001, 0001, 0001],
[ 0001, 0001, 0001, 0001, 0001, 0000, 0001, 0001, 0001, 0001, 0001, 0001],
[ 0001, 0001, 0001, 0001, 0001, 0001, 0000, 0001, 0001, 0001, 0001, 0001],
[ 0001, 0001, 0001, 0001, 0001, 0001, 0001, 0000, 0001, 0001, 0001, 0001],
[ 0001, 0001, 0001, 0001, 0001, 0001, 0001, 0001, 0000, 0001, 0001, 0001],
[ 0001, 0001, 0001, 0001, 0001, 0001, 0001, 0001, 0001, 0000, 0001, 0001],
[ 0001, 0001, 0001, 0001, 0001, 0001, 0001, 0001, 0001, 0001, 0000, 0001],
[ 0001, 0001, 0001, 0001, 0001, 0001, 0001, 0001, 0001, 0001, 0001, 0000]];
delta_src = [[[[ 0000, 0000],
[ 0000, 0000],
[ 0000, 0000],
[ 0000, 0000],
[ 0000, 0000],
[ 0000, 0000],
[ 0000, 0000],
[ 0000, 0000],
[ 0000, 0000],
[ 0000, 0000],
[ 0000, 0000],
[ 0000, 0000]],
[[ 0001, 0001],
[ 0000, 0000],
[ 0000, 0001],
[ 0001, 0001],
[ 0000, 0001],
[ 0001, 0001],
[ 0001, 0001],
[ 0000, 0001],
[ 0001, 0001],
[ 0000, 0001],
[ 0001, 0001],
[ 0000, 0001]],
[[ 0001, 0001],
[ 0001, 0001],
[ 0000, 0000],
[ 0001, 0001],
[ 0000, 0001],
[ 0001, 0001],
[ 0001, 0001],
[ 0001, 0001],
[ 0001, 0001],
[ 0000, 0001],
[ 0001, 0001],
[ 0000, 0001]],
[[ 0001, 0001],
[ 0001, 0001],
[ 0001, 0001],
[ 0000, 0000],
[ 0001, 0001],
[ 0001, 0001],
[ 0000, 0001],
[ 0001, 0001],
[ 0001, 0001],
[ 0001, 0001],
[ 0001, 0001],
[ 0001, 0001]],
[[ 0001, 0001],
[ 0001, 0001],
[ 0001, 0001],
[ 0001, 0001],
[ 0000, 0000],
[ 0001, 0001],
[ 0001, 0001],
[ 0001, 0001],
[ 0001, 0001],
[ 0000, 0001],
[ 0001, 0001],
[ 0000, 0001]],
[[ 0001, 0001],
[ 0001, 0001],
[ 0001, 0001],
[ 0001, 0001],
[ 0001, 0001],
[ 0000, 0000],
[ 0001, 0001],
[ 0001, 0001],
[ 0001, 0001],
[ 0001, 0001],
[ 0001, 0001],
[ 0001, 0001]],
[[ 0001, 0001],
[ 0001, 0001],
[ 0001, 0001],
[ 0001, 0001],
[ 0001, 0001],
[ 0001, 0001],
[ 0000, 0000],
[ 0001, 0001],
[ 0001, 0001],
[ 0001, 0001],
[ 0001, 0001],
[ 0001, 0001]],
[[ 0001, 0001],
[ 0001, 0001],
[ 0001, 0001],
[ 0001, 0001],
[ 0001, 0001],
[ 0001, 0001],
[ 0001, 0001],
[ 0000, 0000],
[ 0001, 0001],
[ 0000, 0001],
[ 0001, 0001],
[ 0000, 0001]],
[[ 0001, 0001],
[ 0001, 0001],
[ 0001, 0001],
[ 0001, 0001],
[ 0001, 0001],
[ 0000, 0001],
[ 0001, 0001],
[ 0001, 0001],
[ 0000, 0000],
[ 0000, 0001],
[ 0001, 0001],
[ 0001, 0001]],
[[ 0001, 0001],
[ 0001, 0001],
[ 0001, 0001],
[ 0001, 0001],
[ 0001, 0001],
[ 0001, 0001],
[ 0001, 0001],
[ 0001, 0001],
[ 0001, 0001],
[ 0000, 0000],
[ 0001, 0001],
[ 0001, 0001]],
[[ 0001, 0001],
[ 0001, 0001],
[ 0001, 0001],
[ 0001, 0001],
[ 0001, 0001],
[ 0001, 0001],
[ 0000, 0001],
[ 0001, 0001],
[ 0001, 0001],
[ 0001, 0001],
[ 0000, 0000],
[ 0001, 0001]],
[[ 0001, 0001],
[ 0001, 0001],
[ 0001, 0001],
[ 0001, 0001],
[ 0001, 0001],
[ 0001, 0001],
[ 0001, 0001],
[ 0001, 0001],
[ 0001, 0001],
[ 0001, 0001],
[ 0001, 0001],
[ 0000, 0000]],
],
[[[ 0000, 0000],
[ 0000, 0000],
[ 0000, 0000],
[ 0000, 0000],
[ 0000, 0000],
[ 0000, 0000],
[ 0000, 0000],
[ 0000, 0000],
[ 0000, 0000],
[ 0000, 0000],
[ 0000, 0000],
[ 0000, 0000]],
[[ 0001, 0001],
[ 0000, 0000],
[ 0000, 0001],
[ 0001, 0001],
[ 0001, 0001],
[ 0001, 0001],
[ 0001, 0001],
[ 0001, 0001],
[ 0001, 0001],
[ 0001, 0001],
[ 0001, 0001],
[ 0001, 0001]],
[[ 0001, 0001],
[ 0001, 0001],
[ 0000, 0000],
[ 0001, 0001],
[ 0001, 0001],
[ 0001, 0001],
[ 0001, 0001],
[ 0001, 0001],
[ 0001, 0001],
[ 0001, 0001],
[ 0001, 0001],
[ 0001, 0001]],
[[ 0001, 0001],
[ 0001, 0001],
[ 0001, 0001],
[ 0000, 0000],
[ 0000, 0001],
[ 0000, 0001],
[ 0000, 0001],
[ 0001, 0001],
[ 0001, 0001],
[ 0000, 0001],
[ 0001, 0001],
[ 0000, 0001]],
[[ 0001, 0001],
[ 0001, 0001],
[ 0001, 0001],
[ 0001, 0001],
[ 0000, 0000],
[ 0001, 0001],
[ 0001, 0001],
[ 0001, 0001],
[ 0001, 0001],
[ 0001, 0001],
[ 0001, 0001],
[ 0001, 0001]],
[[ 0001, 0001],
[ 0001, 0001],
[ 0001, 0001],
[ 0001, 0001],
[ 0000, 0001],
[ 0000, 0000],
[ 0001, 0001],
[ 0001, 0001],
[ 0001, 0001],
[ 0000, 0001],
[ 0001, 0001],
[ 0000, 0001]],
[[ 0001, 0001],
[ 0001, 0001],
[ 0001, 0001],
[ 0001, 0001],
[ 0000, 0001],
[ 0001, 0001],
[ 0000, 0000],
[ 0001, 0001],
[ 0001, 0001],
[ 0001, 0001],
[ 0001, 0001],
[ 0000, 0001]],
[[ 0001, 0001],
[ 0001, 0001],
[ 0001, 0001],
[ 0001, 0001],
[ 0000, 0001],
[ 0001, 0001],
[ 0001, 0001],
[ 0000, 0000],
[ 0001, 0001],
[ 0001, 0001],
[ 0001, 0001],
[ 0001, 0001]],
[[ 0001, 0001],
[ 0001, 0001],
[ 0001, 0001],
[ 0001, 0001],
[ 0000, 0001],
[ 0001, 0001],
[ 0001, 0001],
[ 0000, 0001],
[ 0000, 0000],
[ 0001, 0001],
[ 0001, 0001],
[ 0000, 0001]],
[[ 0001, 0001],
[ 0001, 0001],
[ 0001, 0001],
[ 0001, 0001],
[ 0000, 0001],
[ 0001, 0001],
[ 0001, 0001],
[ 0001, 0001],
[ 0001, 0001],
[ 0000, 0000],
[ 0001, 0001],
[ 0000, 0001]],
[[ 0001, 0001],
[ 0001, 0001],
[ 0001, 0001],
[ 0001, 0001],
[ 0000, 0001],
[ 0001, 0001],
[ 0000, 0001],
[ 0001, 0001],
[ 0001, 0001],
[ 0001, 0001],
[ 0000, 0000],
[ 0000, 0001]],
[[ 0001, 0001],
[ 0001, 0001],
[ 0001, 0001],
[ 0001, 0001],
[ 0001, 0001],
[ 0001, 0001],
[ 0001, 0001],
[ 0001, 0001],
[ 0001, 0001],
[ 0001, 0001],
[ 0001, 0001],
[ 0000, 0000]],
],
[[[ 0000, 0000],
[ 0000, 0000],
[ 0000, 0000],
[ 0000, 0000],
[ 0000, 0000],
[ 0000, 0000],
[ 0000, 0000],
[ 0000, 0000],
[ 0000, 0000],
[ 0000, 0000],
[ 0000, 0000],
[ 0000, 0000]],
[[ 0001, 0001],
[ 0000, 0000],
[ 0001, 0001],
[ 0001, 0001],
[ 0001, 0001],
[ 0001, 0001],
[ 0001, 0001],
[ 0001, 0001],
[ 0001, 0001],
[ 0001, 0001],
[ 0001, 0001],
[ 0001, 0001]],
[[ 0001, 0001],
[ 0001, 0001],
[ 0000, 0000],
[ 0001, 0001],
[ 0001, 0001],
[ 0001, 0001],
[ 0001, 0001],
[ 0001, 0001],
[ 0001, 0001],
[ 0001, 0001],
[ 0001, 0001],
[ 0001, 0001]],
[[ 0001, 0001],
[ 0001, 0001],
[ 0000, 0001],
[ 0000, 0000],
[ 0000, 0001],
[ 0000, 0001],
[ 0000, 0001],
[ 0000, 0001],
[ 0001, 0001],
[ 0000, 0001],
[ 0001, 0001],
[ 0000, 0001]],
[[ 0001, 0001],
[ 0001, 0001],
[ 0000, 0001],
[ 0001, 0001],
[ 0000, 0000],
[ 0001, 0001],
[ 0001, 0001],
[ 0001, 0001],
[ 0001, 0001],
[ 0001, 0001],
[ 0001, 0001],
[ 0001, 0001]],
[[ 0001, 0001],
[ 0001, 0001],
[ 0000, 0001],
[ 0001, 0001],
[ 0000, 0001],
[ 0000, 0000],
[ 0001, 0001],
[ 0000, 0001],
[ 0001, 0001],
[ 0000, 0001],
[ 0001, 0001],
[ 0000, 0001]],
[[ 0001, 0001],
[ 0001, 0001],
[ 0000, 0001],
[ 0001, 0001],
[ 0000, 0001],
[ 0001, 0001],
[ 0000, 0000],
[ 0001, 0001],
[ 0001, 0001],
[ 0001, 0001],
[ 0001, 0001],
[ 0000, 0001]],
[[ 0001, 0001],
[ 0001, 0001],
[ 0000, 0001],
[ 0001, 0001],
[ 0000, 0001],
[ 0001, 0001],
[ 0001, 0001],
[ 0000, 0000],
[ 0001, 0001],
[ 0001, 0001],
[ 0001, 0001],
[ 0001, 0001]],
[[ 0001, 0001],
[ 0001, 0001],
[ 0000, 0001],
[ 0001, 0001],
[ 0000, 0001],
[ 0001, 0001],
[ 0001, 0001],
[ 0000, 0001],
[ 0000, 0000],
[ 0001, 0001],
[ 0001, 0001],
[ 0000, 0001]],
[[ 0001, 0001],
[ 0001, 0001],
[ 0000, 0001],
[ 0001, 0001],
[ 0000, 0001],
[ 0001, 0001],
[ 0001, 0001],
[ 0001, 0001],
[ 0001, 0001],
[ 0000, 0000],
[ 0001, 0001],
[ 0000, 0001]],
[[ 0001, 0001],
[ 0001, 0001],
[ 0000, 0001],
[ 0001, 0001],
[ 0000, 0001],
[ 0001, 0001],
[ 0000, 0001],
[ 0001, 0001],
[ 0001, 0001],
[ 0000, 0001],
[ 0000, 0000],
[ 0000, 0001]],
[[ 0001, 0001],
[ 0001, 0001],
[ 0000, 0001],
[ 0001, 0001],
[ 0000, 0001],
[ 0001, 0001],
[ 0001, 0001],
[ 0001, 0001],
[ 0001, 0001],
[ 0001, 0001],
[ 0001, 0001],
[ 0000, 0000]],
],
[[[ 0000, 0000],
[ 0000, 0000],
[ 0000, 0000],
[ 0000, 0000],
[ 0000, 0000],
[ 0000, 0000],
[ 0000, 0000],
[ 0000, 0000],
[ 0000, 0000],
[ 0000, 0000],
[ 0000, 0000],
[ 0000, 0000]],
[[ 0001, 0001],
[ 0000, 0000],
[ 0000, 0001],
[ 0001, 0001],
[ 0000, 0001],
[ 0001, 0001],
[ 0000, 0001],
[ 0001, 0001],
[ 0001, 0001],
[ 0000, 0001],
[ 0001, 0001],
[ 0000, 0001]],
[[ 0001, 0001],
[ 0001, 0001],
[ 0000, 0000],
[ 0001, 0001],
[ 0000, 0001],
[ 0001, 0001],
[ 0000, 0001],
[ 0001, 0001],
[ 0001, 0001],
[ 0001, 0001],
[ 0001, 0001],
[ 0000, 0001]],
[[ 0001, 0001],
[ 0001, 0001],
[ 0001, 0001],
[ 0000, 0000],
[ 0001, 0001],
[ 0001, 0001],
[ 0001, 0001],
[ 0001, 0001],
[ 0001, 0001],
[ 0001, 0001],
[ 0001, 0001],
[ 0001, 0001]],
[[ 0001, 0001],
[ 0001, 0001],
[ 0001, 0001],
[ 0001, 0001],
[ 0000, 0000],
[ 0001, 0001],
[ 0000, 0001],
[ 0001, 0001],
[ 0001, 0001],
[ 0001, 0001],
[ 0001, 0001],
[ 0000, 0001]],
[[ 0001, 0001],
[ 0001, 0001],
[ 0001, 0001],
[ 0001, 0001],
[ 0001, 0001],
[ 0000, 0000],
[ 0000, 0001],
[ 0001, 0001],
[ 0001, 0001],
[ 0001, 0001],
[ 0001, 0001],
[ 0001, 0001]],
[[ 0001, 0001],
[ 0001, 0001],
[ 0001, 0001],
[ 0001, 0001],
[ 0001, 0001],
[ 0001, 0001],
[ 0000, 0000],
[ 0001, 0001],
[ 0001, 0001],
[ 0001, 0001],
[ 0001, 0001],
[ 0001, 0001]],
[[ 0001, 0001],
[ 0001, 0001],
[ 0001, 0001],
[ 0001, 0001],
[ 0001, 0001],
[ 0001, 0001],
[ 0000, 0001],
[ 0000, 0000],
[ 0001, 0001],
[ 0000, 0001],
[ 0001, 0001],
[ 0000, 0001]],
[[ 0001, 0001],
[ 0001, 0001],
[ 0001, 0001],
[ 0001, 0001],
[ 0001, 0001],
[ 0000, 0001],
[ 0000, 0001],
[ 0001, 0001],
[ 0000, 0000],
[ 0000, 0001],
[ 0001, 0001],
[ 0001, 0001]],
[[ 0001, 0001],
[ 0001, 0001],
[ 0001, 0001],
[ 0001, 0001],
[ 0001, 0001],
[ 0001, 0001],
[ 0000, 0001],
[ 0001, 0001],
[ 0001, 0001],
[ 0000, 0000],
[ 0001, 0001],
[ 0001, 0001]],
[[ 0001, 0001],
[ 0001, 0001],
[ 0001, 0001],
[ 0001, 0001],
[ 0001, 0001],
[ 0001, 0001],
[ 0001, 0001],
[ 0001, 0001],
[ 0001, 0001],
[ 0001, 0001],
[ 0000, 0000],
[ 0001, 0001]],
[[ 0001, 0001],
[ 0001, 0001],
[ 0001, 0001],
[ 0001, 0001],
[ 0001, 0001],
[ 0001, 0001],
[ 0000, 0001],
[ 0001, 0001],
[ 0001, 0001],
[ 0001, 0001],
[ 0001, 0001],
[ 0000, 0000]],
],
[[[ 0000, 0000],
[ 0000, 0000],
[ 0000, 0000],
[ 0000, 0000],
[ 0000, 0000],
[ 0000, 0000],
[ 0000, 0000],
[ 0000, 0000],
[ 0000, 0000],
[ 0000, 0000],
[ 0000, 0000],
[ 0000, 0000]],
[[ 0001, 0001],
[ 0000, 0000],
[ 0001, 0001],
[ 0001, 0001],
[ 0001, 0001],
[ 0001, 0001],
[ 0001, 0001],
[ 0001, 0001],
[ 0001, 0001],
[ 0001, 0001],
[ 0001, 0001],
[ 0001, 0001]],
[[ 0001, 0001],
[ 0001, 0001],
[ 0000, 0000],
[ 0001, 0001],
[ 0001, 0001],
[ 0001, 0001],
[ 0001, 0001],
[ 0001, 0001],
[ 0001, 0001],
[ 0001, 0001],
[ 0001, 0001],
[ 0001, 0001]],
[[ 0001, 0001],
[ 0001, 0001],
[ 0000, 0001],
[ 0000, 0000],
[ 0000, 0001],
[ 0000, 0001],
[ 0000, 0001],
[ 0000, 0001],
[ 0001, 0001],
[ 0000, 0001],
[ 0001, 0001],
[ 0000, 0001]],
[[ 0001, 0001],
[ 0001, 0001],
[ 0000, 0001],
[ 0001, 0001],
[ 0000, 0000],
[ 0001, 0001],
[ 0001, 0001],
[ 0001, 0001],
[ 0001, 0001],
[ 0001, 0001],
[ 0001, 0001],
[ 0001, 0001]],
[[ 0001, 0001],
[ 0001, 0001],
[ 0000, 0001],
[ 0001, 0001],
[ 0000, 0001],
[ 0000, 0000],
[ 0001, 0001],
[ 0000, 0001],
[ 0001, 0001],
[ 0000, 0001],
[ 0001, 0001],
[ 0000, 0001]],
[[ 0001, 0001],
[ 0001, 0001],
[ 0000, 0001],
[ 0001, 0001],
[ 0000, 0001],
[ 0001, 0001],
[ 0000, 0000],
[ 0001, 0001],
[ 0001, 0001],
[ 0001, 0001],
[ 0001, 0001],
[ 0000, 0001]],
[[ 0001, 0001],
[ 0001, 0001],
[ 0000, 0001],
[ 0001, 0001],
[ 0000, 0001],
[ 0001, 0001],
[ 0001, 0001],
[ 0000, 0000],
[ 0001, 0001],
[ 0001, 0001],
[ 0001, 0001],
[ 0001, 0001]],
[[ 0001, 0001],
[ 0001, 0001],
[ 0000, 0001],
[ 0001, 0001],
[ 0000, 0001],
[ 0001, 0001],
[ 0001, 0001],
[ 0000, 0001],
[ 0000, 0000],
[ 0001, 0001],
[ 0001, 0001],
[ 0000, 0001]],
[[ 0001, 0001],
[ 0001, 0001],
[ 0000, 0001],
[ 0001, 0001],
[ 0000, 0001],
[ 0001, 0001],
[ 0001, 0001],
[ 0001, 0001],
[ 0001, 0001],
[ 0000, 0000],
[ 0001, 0001],
[ 0000, 0001]],
[[ 0001, 0001],
[ 0001, 0001],
[ 0000, 0001],
[ 0001, 0001],
[ 0000, 0001],
[ 0001, 0001],
[ 0000, 0001],
[ 0001, 0001],
[ 0001, 0001],
[ 0001, 0001],
[ 0000, 0000],
[ 0000, 0001]],
[[ 0001, 0001],
[ 0001, 0001],
[ 0000, 0001],
[ 0001, 0001],
[ 0000, 0001],
[ 0001, 0001],
[ 0001, 0001],
[ 0001, 0001],
[ 0001, 0001],
[ 0001, 0001],
[ 0001, 0001],
[ 0000, 0000]],
],
[[[ 0000, 0000],
[ 0000, 0000],
[ 0000, 0000],
[ 0000, 0000],
[ 0000, 0000],
[ 0000, 0000],
[ 0000, 0000],
[ 0000, 0000],
[ 0000, 0000],
[ 0000, 0000],
[ 0000, 0000],
[ 0000, 0000]],
[[ 0001, 0001],
[ 0000, 0000],
[ 0000, 0001],
[ 0001, 0001],
[ 0000, 0001],
[ 0001, 0001],
[ 0001, 0001],
[ 0001, 0001],
[ 0001, 0001],
[ 0001, 0001],
[ 0001, 0001],
[ 0001, 0001]],
[[ 0001, 0001],
[ 0001, 0001],
[ 0000, 0000],
[ 0001, 0001],
[ 0000, 0001],
[ 0001, 0001],
[ 0001, 0001],
[ 0001, 0001],
[ 0001, 0001],
[ 0001, 0001],
[ 0001, 0001],
[ 0001, 0001]],
[[ 0001, 0001],
[ 0001, 0001],
[ 0001, 0001],
[ 0000, 0000],
[ 0001, 0001],
[ 0001, 0001],
[ 0000, 0001],
[ 0001, 0001],
[ 0001, 0001],
[ 0000, 0001],
[ 0001, 0001],
[ 0000, 0001]],
[[ 0001, 0001],
[ 0001, 0001],
[ 0001, 0001],
[ 0001, 0001],
[ 0000, 0000],
[ 0001, 0001],
[ 0001, 0001],
[ 0001, 0001],
[ 0001, 0001],
[ 0001, 0001],
[ 0001, 0001],
[ 0001, 0001]],
[[ 0001, 0001],
[ 0001, 0001],
[ 0001, 0001],
[ 0001, 0001],
[ 0001, 0001],
[ 0000, 0000],
[ 0001, 0001],
[ 0001, 0001],
[ 0001, 0001],
[ 0000, 0001],
[ 0001, 0001],
[ 0000, 0001]],
[[ 0001, 0001],
[ 0001, 0001],
[ 0001, 0001],
[ 0001, 0001],
[ 0001, 0001],
[ 0001, 0001],
[ 0000, 0000],
[ 0001, 0001],
[ 0001, 0001],
[ 0001, 0001],
[ 0001, 0001],
[ 0000, 0001]],
[[ 0001, 0001],
[ 0001, 0001],
[ 0001, 0001],
[ 0001, 0001],
[ 0001, 0001],
[ 0001, 0001],
[ 0001, 0001],
[ 0000, 0000],
[ 0001, 0001],
[ 0001, 0001],
[ 0001, 0001],
[ 0001, 0001]],
[[ 0001, 0001],
[ 0001, 0001],
[ 0001, 0001],
[ 0001, 0001],
[ 0001, 0001],
[ 0001, 0001],
[ 0001, 0001],
[ 0000, 0001],
[ 0000, 0000],
[ 0001, 0001],
[ 0001, 0001],
[ 0000, 0001]],
[[ 0001, 0001],
[ 0001, 0001],
[ 0001, 0001],
[ 0001, 0001],
[ 0001, 0001],
[ 0001, 0001],
[ 0001, 0001],
[ 0001, 0001],
[ 0001, 0001],
[ 0000, 0000],
[ 0001, 0001],
[ 0000, 0001]],
[[ 0001, 0001],
[ 0001, 0001],
[ 0001, 0001],
[ 0001, 0001],
[ 0001, 0001],
[ 0001, 0001],
[ 0000, 0001],
[ 0001, 0001],
[ 0001, 0001],
[ 0001, 0001],
[ 0000, 0000],
[ 0000, 0001]],
[[ 0000, 0000],
[ 0000, 0000],
[ 0000, 0000],
[ 0000, 0000],
[ 0000, 0000],
[ 0000, 0000],
[ 0000, 0000],
[ 0000, 0000],
[ 0000, 0000],
[ 0000, 0000],
[ 0000, 0000],
[ 0000, 0000]],
],
];
C_bh = [[ 0000, 0000, 0000, 0000, 0000, 0000, 0000, 0000, 0000, 0000, 0000, 0000],
[ 0000, 0000, 3.7841e+03, 3.7841e+03, 3.7841e+03, 3.7841e+03, 3.7841e+03, 3.7841e+03, 3.7841e+03, 3.7841e+03, 3.7841e+03, 3.7841e+03],
[ 0000, 3.7841e+03, 0000, 3.7841e+03, 3.7841e+03, 3.7841e+03, 3.7841e+03, 3.7841e+03, 3.7841e+03, 3.7841e+03, 3.7841e+03, 3.7841e+03],
[ 0000, 3.7841e+03, 3.7841e+03, 0000, 3.7841e+03, 3.7841e+03, 3.7841e+03, 3.7841e+03, 3.7841e+03, 3.7841e+03, 3.7841e+03, 3.7841e+03],
[ 0000, 3.7841e+03, 3.7841e+03, 3.7841e+03, 0000, 3.7841e+03, 3.7841e+03, 3.7841e+03, 3.7841e+03, 3.7841e+03, 3.7841e+03, 3.7841e+03],
[ 0000, 3.7841e+03, 3.7841e+03, 3.7841e+03, 3.7841e+03, 0000, 3.7841e+03, 3.7841e+03, 3.7841e+03, 3.7841e+03, 3.7841e+03, 3.7841e+03],
[ 0000, 3.7841e+03, 3.7841e+03, 3.7841e+03, 3.7841e+03, 3.7841e+03, 0000, 3.7841e+03, 3.7841e+03, 3.7841e+03, 3.7841e+03, 3.7841e+03],
[ 0000, 3.7841e+03, 3.7841e+03, 3.7841e+03, 3.7841e+03, 3.7841e+03, 3.7841e+03, 0000, 3.7841e+03, 3.7841e+03, 3.7841e+03, 3.7841e+03],
[ 0000, 3.7841e+03, 3.7841e+03, 3.7841e+03, 3.7841e+03, 3.7841e+03, 3.7841e+03, 3.7841e+03, 0000, 3.7841e+03, 3.7841e+03, 3.7841e+03],
[ 0000, 3.7841e+03, 3.7841e+03, 3.7841e+03, 3.7841e+03, 3.7841e+03, 3.7841e+03, 3.7841e+03, 3.7841e+03, 0000, 3.7841e+03, 3.7841e+03],
[ 0000, 3.7841e+03, 3.7841e+03, 3.7841e+03, 3.7841e+03, 3.7841e+03, 3.7841e+03, 3.7841e+03, 3.7841e+03, 3.7841e+03, 0000, 3.7841e+03],
[ 0000, 3.7841e+03, 3.7841e+03, 3.7841e+03, 3.7841e+03, 3.7841e+03, 3.7841e+03, 3.7841e+03, 3.7841e+03, 3.7841e+03, 3.7841e+03, 0000]];
C_src_dl = [[[[ 0000, 0000],
[ 0000, 0000],
[ 0000, 0000],
[ 0000, 0000],
[ 0000, 0000],
[ 0000, 0000],
[ 0000, 0000],
[ 0000, 0000],
[ 0000, 0000],
[ 0000, 0000],
[ 0000, 0000],
[ 0000, 0000]],
[[ 2.5678e+03, 2.5678e+03],
[ 0000, 0000],
[ 2.5678e+03, 2.8646e+03],
[ 2.5678e+03, 2.5678e+03],
[ 2.5678e+03, 2.8610e+03],
[ 2.5678e+03, 3.1216e+03],
[ 2.5678e+03, 2.5678e+03],
[ 2.5678e+03, 2.7701e+03],
[ 2.5678e+03, 2.9001e+03],
[ 2.5678e+03, 3.0359e+03],
[ 2.5678e+03, 2.5678e+03],
[ 2.5678e+03, 2.5678e+03]],
[[ 2.7719e+03, 2.7719e+03],
[ 2.7719e+03, 2.7719e+03],
[ 0000, 0000],
[ 2.7719e+03, 2.7719e+03],
[ 2.7719e+03, 2.9461e+03],
[ 2.7733e+03, 3.5183e+03],
[ 2.7719e+03, 2.9638e+03],
[ 2.7719e+03, 3.1434e+03],
[ 2.7719e+03, 2.7719e+03],
[ 2.7719e+03, 2.8608e+03],
[ 2.7719e+03, 2.7719e+03],
[ 2.7719e+03, 2.7719e+03]],
[[ 3.3284e+03, 3.3284e+03],
[ 3.3284e+03, 3.3284e+03],
[ 3.3284e+03, 3.3284e+03],
[ 0000, 0000],
[ 3.3284e+03, 3.3284e+03],
[ 3.3284e+03, 3.5284e+03],
[ 3.3284e+03, 3.3284e+03],
[ 3.3284e+03, 3.3284e+03],
[ 3.3284e+03, 3.3284e+03],
[ 3.3284e+03, 3.3284e+03],
[ 3.3284e+03, 3.3284e+03],
[ 3.3284e+03, 3.3284e+03]],
[[ 2.7670e+03, 2.7670e+03],
[ 2.7670e+03, 2.7670e+03],
[ 2.7670e+03, 2.9910e+03],
[ 2.7670e+03, 2.7670e+03],
[ 0000, 0000],
[ 2.7670e+03, 2.7670e+03],
[ 2.7670e+03, 2.9688e+03],
[ 2.7670e+03, 3.1763e+03],
[ 2.7670e+03, 2.7670e+03],
[ 2.7670e+03, 2.8861e+03],
[ 2.7670e+03, 2.7670e+03],
[ 2.7670e+03, 2.7670e+03]],
[[ 3.7108e+03, 3.7108e+03],
[ 3.7108e+03, 3.7108e+03],
[ 3.7108e+03, 3.7108e+03],
[ 3.7108e+03, 3.7108e+03],
[ 3.7108e+03, 3.7108e+03],
[ 0000, 0000],
[ 3.7108e+03, 3.7108e+03],
[ 3.7108e+03, 3.7108e+03],
[ 3.7108e+03, 3.7108e+03],
[ 3.7108e+03, 3.7108e+03],
[ 3.7108e+03, 3.7108e+03],
[ 3.7108e+03, 3.7108e+03]],
[[ 2.8232e+03, 2.8232e+03],
[ 2.8232e+03, 2.8232e+03],
[ 2.8232e+03, 2.8232e+03],
[ 2.8232e+03, 2.8232e+03],
[ 2.8232e+03, 3.0028e+03],
[ 2.8232e+03, 2.8232e+03],
[ 0000, 0000],
[ 2.8232e+03, 2.8232e+03],
[ 2.8232e+03, 2.8232e+03],
[ 2.8232e+03, 3.2012e+03],
[ 2.8232e+03, 3.0586e+03],
[ 2.8232e+03, 2.8232e+03]],
[[ 3.1474e+03, 3.1474e+03],
[ 3.1474e+03, 3.1474e+03],
[ 3.1474e+03, 3.1474e+03],
[ 3.1474e+03, 3.1474e+03],
[ 3.1474e+03, 3.1474e+03],
[ 3.1474e+03, 3.3910e+03],
[ 3.1474e+03, 3.1474e+03],
[ 0000, 0000],
[ 3.1474e+03, 3.1474e+03],
[ 3.1474e+03, 3.4270e+03],
[ 3.1474e+03, 3.1474e+03],
[ 3.1474e+03, 3.1474e+03]],
[[ 2.9144e+03, 2.9144e+03],
[ 2.9144e+03, 2.9144e+03],
[ 2.9144e+03, 2.9144e+03],
[ 2.9144e+03, 3.3290e+03],
[ 2.9144e+03, 2.9144e+03],
[ 2.9144e+03, 2.9880e+03],
[ 2.9144e+03, 2.9144e+03],
[ 2.9144e+03, 3.1589e+03],
[ 0000, 0000],
[ 2.9144e+03, 3.5294e+03],
[ 2.9144e+03, 2.9144e+03],
[ 2.9144e+03, 2.9144e+03]],
[[ 3.6511e+03, 3.6511e+03],
[ 3.6511e+03, 3.6511e+03],
[ 3.6511e+03, 3.6511e+03],
[ 3.6511e+03, 3.6511e+03],
[ 3.6511e+03, 3.6511e+03],
[ 3.7609e+03, 3.6511e+03],
[ 3.6511e+03, 3.6511e+03],
[ 3.6511e+03, 3.6511e+03],
[ 3.6511e+03, 3.6511e+03],
[ 0000, 0000],
[ 3.6511e+03, 3.6511e+03],
[ 3.6511e+03, 3.6511e+03]],
[[ 2.8454e+03, 2.8454e+03],
[ 2.8454e+03, 2.8454e+03],
[ 2.8454e+03, 2.8454e+03],
[ 2.8454e+03, 2.8454e+03],
[ 2.8454e+03, 2.8454e+03],
[ 2.8454e+03, 2.8454e+03],
[ 2.8454e+03, 2.8454e+03],
[ 2.8454e+03, 2.8454e+03],
[ 2.8454e+03, 2.8454e+03],
[ 2.8454e+03, 3.4431e+03],
[ 0000, 0000],
[ 2.8454e+03, 2.8454e+03]],
[[ 3.2113e+03, 3.2113e+03],
[ 3.2113e+03, 3.2113e+03],
[ 3.2113e+03, 3.3699e+03],
[ 3.2113e+03, 3.2113e+03],
[ 3.2113e+03, 3.3109e+03],
[ 3.2113e+03, 3.2113e+03],
[ 3.2113e+03, 3.2113e+03],
[ 3.2113e+03, 3.5220e+03],
[ 3.2113e+03, 3.2113e+03],
[ 3.2113e+03, 3.3554e+03],
[ 3.2113e+03, 3.4227e+03],
[ 0000, 0000]],
],
[[[ 0000, 0000],
[ 0000, 0000],
[ 0000, 0000],
[ 0000, 0000],
[ 0000, 0000],
[ 0000, 0000],
[ 0000, 0000],
[ 0000, 0000],
[ 0000, 0000],
[ 0000, 0000],
[ 0000, 0000],
[ 0000, 0000]],
[[ 2.8219e+03, 2.8219e+03],
[ 0000, 0000],
[ 2.8219e+03, 2.9173e+03],
[ 2.8219e+03, 2.8219e+03],
[ 2.8219e+03, 2.8219e+03],
[ 2.8219e+03, 2.8219e+03],
[ 2.8219e+03, 2.8219e+03],
[ 2.8219e+03, 3.0365e+03],
[ 2.8219e+03, 2.8219e+03],
[ 2.8219e+03, 2.8219e+03],
[ 2.8219e+03, 2.8219e+03],
[ 2.8219e+03, 2.8219e+03]],
[[ 3.7352e+03, 3.7352e+03],
[ 3.7352e+03, 3.7352e+03],
[ 0000, 0000],
[ 3.7352e+03, 3.7352e+03],
[ 3.7352e+03, 3.7352e+03],
[ 3.7352e+03, 3.7352e+03],
[ 3.7352e+03, 3.7352e+03],
[ 3.7352e+03, 3.7352e+03],
[ 3.7352e+03, 3.7352e+03],
[ 3.7352e+03, 3.7352e+03],
[ 3.7352e+03, 3.7352e+03],
[ 3.7352e+03, 3.7352e+03]],
[[ 2.5686e+03, 2.5686e+03],
[ 2.5686e+03, 2.7541e+03],
[ 2.5686e+03, 3.1009e+03],
[ 0000, 0000],
[ 2.5686e+03, 3.1269e+03],
[ 2.5686e+03, 2.8507e+03],
[ 2.5686e+03, 2.8514e+03],
[ 2.5686e+03, 2.8347e+03],
[ 2.5686e+03, 2.7259e+03],
[ 2.5686e+03, 2.7528e+03],
[ 2.5686e+03, 2.7469e+03],
[ 2.5686e+03, 2.5686e+03]],
[[ 3.7333e+03, 3.7333e+03],
[ 3.7333e+03, 3.7333e+03],
[ 3.7333e+03, 3.7333e+03],
[ 3.7333e+03, 3.7333e+03],
[ 0000, 0000],
[ 3.7333e+03, 3.7333e+03],
[ 3.7333e+03, 3.7333e+03],
[ 3.7333e+03, 3.7333e+03],
[ 3.7333e+03, 3.7333e+03],
[ 3.7333e+03, 3.7333e+03],
[ 3.7333e+03, 3.7333e+03],
[ 3.7333e+03, 3.7333e+03]],
[[ 2.7435e+03, 2.7435e+03],
[ 2.7435e+03, 2.7435e+03],
[ 2.7435e+03, 3.1869e+03],
[ 2.7435e+03, 2.7435e+03],
[ 2.7435e+03, 3.2760e+03],
[ 0000, 0000],
[ 2.7435e+03, 2.9550e+03],
[ 2.7435e+03, 2.9564e+03],
[ 2.7435e+03, 2.7435e+03],
[ 2.7435e+03, 2.9838e+03],
[ 2.7435e+03, 2.7435e+03],
[ 2.7435e+03, 2.7435e+03]],
[[ 2.8550e+03, 2.8550e+03],
[ 2.8550e+03, 2.8550e+03],
[ 2.8550e+03, 2.8550e+03],
[ 2.8550e+03, 2.8550e+03],
[ 2.8550e+03, 2.8911e+03],
[ 2.8550e+03, 2.8550e+03],
[ 0000, 0000],
[ 2.8550e+03, 2.8550e+03],
[ 2.8550e+03, 2.8550e+03],
[ 2.8550e+03, 3.0603e+03],
[ 2.8550e+03, 2.8550e+03],
[ 2.8550e+03, 2.8550e+03]],
[[ 2.7618e+03, 2.7618e+03],
[ 2.7618e+03, 2.7618e+03],
[ 2.7618e+03, 3.0560e+03],
[ 2.7618e+03, 2.7618e+03],
[ 2.7684e+03, 3.4348e+03],
[ 2.7618e+03, 2.7618e+03],
[ 2.7618e+03, 2.7618e+03],
[ 0000, 0000],
[ 2.7618e+03, 2.7618e+03],
[ 2.7618e+03, 3.0478e+03],
[ 2.7618e+03, 2.7618e+03],
[ 2.7618e+03, 2.7618e+03]],
[[ 2.5757e+03, 2.5757e+03],
[ 2.5757e+03, 2.8289e+03],
[ 2.5757e+03, 2.8940e+03],
[ 2.5757e+03, 2.7460e+03],
[ 2.5757e+03, 3.2577e+03],
[ 2.5757e+03, 2.8188e+03],
[ 2.5757e+03, 2.5757e+03],
[ 2.5757e+03, 2.7472e+03],
[ 0000, 0000],
[ 2.5757e+03, 2.8736e+03],
[ 2.5757e+03, 2.5757e+03],
[ 2.5757e+03, 2.5757e+03]],
[[ 2.7508e+03, 2.7508e+03],
[ 2.7508e+03, 2.7508e+03],
[ 2.7508e+03, 3.2643e+03],
[ 2.7508e+03, 2.7508e+03],
[ 2.7508e+03, 3.2581e+03],
[ 2.7508e+03, 2.7508e+03],
[ 2.7508e+03, 2.7508e+03],
[ 2.7508e+03, 3.0103e+03],
[ 2.7508e+03, 2.7508e+03],
[ 0000, 0000],
[ 2.7508e+03, 2.7508e+03],
[ 2.7508e+03, 2.7508e+03]],
[[ 2.6416e+03, 2.6416e+03],
[ 2.6416e+03, 2.6416e+03],
[ 2.6416e+03, 3.3788e+03],
[ 2.6416e+03, 2.7500e+03],
[ 2.6416e+03, 2.9060e+03],
[ 2.6416e+03, 2.8521e+03],
[ 2.6416e+03, 2.8801e+03],
[ 2.6416e+03, 2.8588e+03],
[ 2.6416e+03, 2.6416e+03],
[ 2.6471e+03, 2.9260e+03],
[ 0000, 0000],
[ 2.6416e+03, 2.6416e+03]],
[[ 3.3908e+03, 3.3908e+03],
[ 3.3908e+03, 3.3908e+03],
[ 3.3908e+03, 3.3908e+03],
[ 3.3908e+03, 3.3908e+03],
[ 3.3908e+03, 3.4866e+03],
[ 3.3908e+03, 3.3908e+03],
[ 3.3908e+03, 3.3908e+03],
[ 3.3908e+03, 3.3908e+03],
[ 3.3908e+03, 3.3908e+03],
[ 3.3908e+03, 3.3908e+03],
[ 3.3908e+03, 3.3908e+03],
[ 0000, 0000]],
],
[[[ 0000, 0000],
[ 0000, 0000],
[ 0000, 0000],
[ 0000, 0000],
[ 0000, 0000],
[ 0000, 0000],
[ 0000, 0000],
[ 0000, 0000],
[ 0000, 0000],
[ 0000, 0000],
[ 0000, 0000],
[ 0000, 0000]],
[[ 3.2695e+03, 3.2695e+03],
[ 0000, 0000],
[ 3.2695e+03, 3.2695e+03],
[ 3.2695e+03, 3.2695e+03],
[ 3.2695e+03, 3.2695e+03],
[ 3.2695e+03, 3.2695e+03],
[ 3.2695e+03, 3.2695e+03],
[ 3.2695e+03, 3.2695e+03],
[ 3.2695e+03, 3.2695e+03],
[ 3.2695e+03, 3.2695e+03],
[ 3.2695e+03, 3.2695e+03],
[ 3.2695e+03, 3.2695e+03]],
[[ 2.9144e+03, 2.9144e+03],
[ 2.9144e+03, 3.4271e+03],
[ 0000, 0000],
[ 2.9144e+03, 2.9144e+03],
[ 2.9144e+03, 2.9144e+03],
[ 2.9144e+03, 2.9144e+03],
[ 2.9144e+03, 2.9144e+03],
[ 2.9144e+03, 3.3971e+03],
[ 2.9144e+03, 2.9144e+03],
[ 2.9144e+03, 2.9144e+03],
[ 2.9144e+03, 2.9144e+03],
[ 2.9144e+03, 2.9144e+03]],
[[ 2.7014e+03, 2.7014e+03],
[ 2.7014e+03, 2.7014e+03],
[ 2.7014e+03, 2.7014e+03],
[ 0000, 0000],
[ 2.7014e+03, 2.7014e+03],
[ 2.7014e+03, 3.0073e+03],
[ 2.7014e+03, 2.7014e+03],
[ 2.7014e+03, 2.8395e+03],
[ 2.7014e+03, 3.0399e+03],
[ 2.7014e+03, 2.9592e+03],
[ 2.7014e+03, 2.7014e+03],
[ 2.7014e+03, 2.7014e+03]],
[[ 2.7380e+03, 2.7380e+03],
[ 2.7380e+03, 2.7380e+03],
[ 2.7380e+03, 3.0250e+03],
[ 2.7380e+03, 2.7380e+03],
[ 0000, 0000],
[ 2.7380e+03, 2.9772e+03],
[ 2.7380e+03, 2.7380e+03],
[ 2.7380e+03, 3.2483e+03],
[ 2.7380e+03, 2.7380e+03],
[ 2.7380e+03, 3.0428e+03],
[ 2.7380e+03, 2.7380e+03],
[ 2.7380e+03, 2.7380e+03]],
[[ 2.8550e+03, 2.8550e+03],
[ 2.8550e+03, 2.8550e+03],
[ 2.8550e+03, 2.8550e+03],
[ 2.8550e+03, 2.8550e+03],
[ 2.8550e+03, 2.8550e+03],
[ 0000, 0000],
[ 2.8550e+03, 2.8550e+03],
[ 2.8550e+03, 2.9802e+03],
[ 2.8550e+03, 3.1866e+03],
[ 2.8550e+03, 3.0582e+03],
[ 2.8550e+03, 2.8550e+03],
[ 2.8550e+03, 2.8550e+03]],
[[ 2.5725e+03, 2.5725e+03],
[ 2.5725e+03, 2.5725e+03],
[ 2.5725e+03, 2.7950e+03],
[ 2.5725e+03, 2.7651e+03],
[ 2.5725e+03, 2.7288e+03],
[ 2.5725e+03, 2.7942e+03],
[ 0000, 0000],
[ 2.5725e+03, 2.8900e+03],
[ 2.5725e+03, 2.8533e+03],
[ 2.5725e+03, 2.7460e+03],
[ 2.5725e+03, 2.6654e+03],
[ 2.5725e+03, 2.5725e+03]],
[[ 3.2382e+03, 3.2382e+03],
[ 3.2382e+03, 3.2382e+03],
[ 3.2382e+03, 3.2382e+03],
[ 3.2382e+03, 3.2382e+03],
[ 3.2382e+03, 3.2382e+03],
[ 3.2382e+03, 3.2382e+03],
[ 3.2382e+03, 3.2382e+03],
[ 0000, 0000],
[ 3.2382e+03, 3.2382e+03],
[ 3.2382e+03, 3.2382e+03],
[ 3.2382e+03, 3.2382e+03],
[ 3.2382e+03, 3.2382e+03]],
[[ 2.8862e+03, 2.8862e+03],
[ 2.8862e+03, 2.8862e+03],
[ 2.8862e+03, 2.8862e+03],
[ 2.8862e+03, 2.8862e+03],
[ 2.8862e+03, 2.8862e+03],
[ 2.8862e+03, 2.8862e+03],
[ 2.8862e+03, 2.8862e+03],
[ 2.8862e+03, 3.2343e+03],
[ 0000, 0000],
[ 2.8862e+03, 2.8862e+03],
[ 2.8862e+03, 2.8862e+03],
[ 2.8862e+03, 2.8862e+03]],
[[ 2.9144e+03, 2.9144e+03],
[ 2.9144e+03, 2.9144e+03],
[ 2.9144e+03, 3.1301e+03],
[ 2.9144e+03, 2.9144e+03],
[ 2.9144e+03, 2.9144e+03],
[ 2.9144e+03, 3.0646e+03],
[ 2.9144e+03, 2.9144e+03],
[ 2.9144e+03, 3.0799e+03],
[ 2.9144e+03, 3.1792e+03],
[ 0000, 0000],
[ 2.9144e+03, 2.9144e+03],
[ 2.9144e+03, 2.9144e+03]],
[[ 2.4522e+03, 2.4522e+03],
[ 2.4522e+03, 2.4522e+03],
[ 2.4522e+03, 2.7358e+03],
[ 2.4522e+03, 2.6364e+03],
[ 2.4522e+03, 2.6673e+03],
[ 2.4522e+03, 2.6151e+03],
[ 2.4522e+03, 2.5698e+03],
[ 2.4522e+03, 2.6347e+03],
[ 2.4522e+03, 2.7920e+03],
[ 2.4522e+03, 2.5024e+03],
[ 0000, 0000],
[ 2.4522e+03, 2.4522e+03]],
[[ 3.0610e+03, 3.0610e+03],
[ 3.0610e+03, 3.0610e+03],
[ 3.0610e+03, 3.1621e+03],
[ 3.0610e+03, 3.2016e+03],
[ 3.0610e+03, 3.1157e+03],
[ 3.0610e+03, 3.3450e+03],
[ 3.0610e+03, 3.0610e+03],
[ 3.0610e+03, 3.3872e+03],
[ 3.0610e+03, 3.0610e+03],
[ 3.0610e+03, 3.2909e+03],
[ 3.0610e+03, 3.1317e+03],
[ 0000, 0000]],
],
[[[ 0000, 0000],
[ 0000, 0000],
[ 0000, 0000],
[ 0000, 0000],
[ 0000, 0000],
[ 0000, 0000],
[ 0000, 0000],
[ 0000, 0000],
[ 0000, 0000],
[ 0000, 0000],
[ 0000, 0000],
[ 0000, 0000]],
[[ 2.5627e+03, 2.5627e+03],
[ 0000, 0000],
[ 2.5627e+03, 2.8430e+03],
[ 2.5627e+03, 2.9932e+03],
[ 2.5627e+03, 2.8530e+03],
[ 2.5627e+03, 3.0135e+03],
[ 2.5627e+03, 2.5627e+03],
[ 2.5627e+03, 2.7943e+03],
[ 2.5627e+03, 2.8175e+03],
[ 2.5627e+03, 2.7672e+03],
[ 2.5627e+03, 2.5627e+03],
[ 2.5627e+03, 2.5627e+03]],
[[ 2.7377e+03, 2.7377e+03],
[ 2.7377e+03, 2.7377e+03],
[ 0000, 0000],
[ 2.7377e+03, 2.7377e+03],
[ 2.7377e+03, 2.9948e+03],
[ 2.7409e+03, 3.3452e+03],
[ 2.7377e+03, 3.0690e+03],
[ 2.7377e+03, 3.0881e+03],
[ 2.7377e+03, 2.7377e+03],
[ 2.7377e+03, 3.1487e+03],
[ 2.7377e+03, 2.7377e+03],
[ 2.7377e+03, 2.7377e+03]],
[[ 3.1496e+03, 3.1496e+03],
[ 3.1496e+03, 3.1496e+03],
[ 3.1496e+03, 3.1496e+03],
[ 0000, 0000],
[ 3.1496e+03, 3.1496e+03],
[ 3.1496e+03, 3.3504e+03],
[ 3.1496e+03, 3.1496e+03],
[ 3.1496e+03, 3.1496e+03],
[ 3.1496e+03, 3.1496e+03],
[ 3.1496e+03, 3.4982e+03],
[ 3.1496e+03, 3.1496e+03],
[ 3.1496e+03, 3.1496e+03]],
[[ 2.7809e+03, 2.7809e+03],
[ 2.7809e+03, 2.7809e+03],
[ 2.7809e+03, 2.9536e+03],
[ 2.7809e+03, 2.7809e+03],
[ 0000, 0000],
[ 2.7862e+03, 2.7809e+03],
[ 2.7809e+03, 3.1138e+03],
[ 2.7809e+03, 3.0674e+03],
[ 2.7809e+03, 2.7809e+03],
[ 2.7809e+03, 3.2710e+03],
[ 2.7809e+03, 2.7809e+03],
[ 2.7809e+03, 2.7809e+03]],
[[ 3.3289e+03, 3.3289e+03],
[ 3.3289e+03, 3.3289e+03],
[ 3.3289e+03, 3.3289e+03],
[ 3.3289e+03, 3.3289e+03],
[ 3.3289e+03, 3.3289e+03],
[ 0000, 0000],
[ 3.3289e+03, 3.3289e+03],
[ 3.3289e+03, 3.3289e+03],
[ 3.3289e+03, 3.3289e+03],
[ 3.3289e+03, 3.4914e+03],
[ 3.3289e+03, 3.3289e+03],
[ 3.3289e+03, 3.3289e+03]],
[[ 2.9159e+03, 2.9159e+03],
[ 2.9159e+03, 2.9159e+03],
[ 2.9159e+03, 2.9159e+03],
[ 2.9159e+03, 2.9159e+03],
[ 2.9159e+03, 2.9159e+03],
[ 2.9159e+03, 2.9159e+03],
[ 0000, 0000],
[ 2.9159e+03, 2.9159e+03],
[ 2.9159e+03, 2.9159e+03],
[ 2.9159e+03, 2.9159e+03],
[ 2.9159e+03, 3.2356e+03],
[ 2.9159e+03, 2.9159e+03]],
[[ 2.9726e+03, 2.9726e+03],
[ 2.9726e+03, 2.9726e+03],
[ 2.9726e+03, 2.9726e+03],
[ 2.9726e+03, 3.3302e+03],
[ 2.9726e+03, 2.9726e+03],
[ 2.9726e+03, 3.1746e+03],
[ 2.9726e+03, 2.9726e+03],
[ 0000, 0000],
[ 2.9726e+03, 2.9726e+03],
[ 2.9726e+03, 3.0615e+03],
[ 2.9726e+03, 2.9726e+03],
[ 2.9726e+03, 2.9726e+03]],
[[ 2.7697e+03, 2.7697e+03],
[ 2.7697e+03, 2.7697e+03],
[ 2.7697e+03, 2.7697e+03],
[ 2.7697e+03, 3.0899e+03],
[ 2.7697e+03, 2.7697e+03],
[ 2.7697e+03, 2.8823e+03],
[ 2.7697e+03, 2.7697e+03],
[ 2.7697e+03, 2.9720e+03],
[ 0000, 0000],
[ 2.7697e+03, 3.0213e+03],
[ 2.7697e+03, 2.7697e+03],
[ 2.7697e+03, 2.7697e+03]],
[[ 3.4346e+03, 3.4346e+03],
[ 3.4346e+03, 3.4346e+03],
[ 3.4346e+03, 3.4346e+03],
[ 3.4346e+03, 3.4346e+03],
[ 3.4346e+03, 3.4346e+03],
[ 3.4346e+03, 3.4346e+03],
[ 3.4346e+03, 3.4346e+03],
[ 3.4346e+03, 3.4346e+03],
[ 3.4346e+03, 3.4346e+03],
[ 0000, 0000],
[ 3.4346e+03, 3.4346e+03],
[ 3.4346e+03, 3.4346e+03]],
[[ 3.0879e+03, 3.0879e+03],
[ 3.0879e+03, 3.0879e+03],
[ 3.0879e+03, 3.0879e+03],
[ 3.0879e+03, 3.0879e+03],
[ 3.0879e+03, 3.0879e+03],
[ 3.0879e+03, 3.0879e+03],
[ 3.0879e+03, 3.0879e+03],
[ 3.0879e+03, 3.0879e+03],
[ 3.0879e+03, 3.0879e+03],
[ 3.0879e+03, 3.0879e+03],
[ 0000, 0000],
[ 3.0879e+03, 3.0879e+03]],
[[ 3.1999e+03, 3.1999e+03],
[ 3.1999e+03, 3.1999e+03],
[ 3.1999e+03, 3.4193e+03],
[ 3.1999e+03, 3.1999e+03],
[ 3.1999e+03, 3.3671e+03],
[ 3.1999e+03, 3.1999e+03],
[ 3.1999e+03, 3.1999e+03],
[ 3.1999e+03, 3.1999e+03],
[ 3.1999e+03, 3.1999e+03],
[ 3.1999e+03, 3.6152e+03],
[ 3.1999e+03, 3.4994e+03],
[ 0000, 0000]],
],
[[[ 0000, 0000],
[ 0000, 0000],
[ 0000, 0000],
[ 0000, 0000],
[ 0000, 0000],
[ 0000, 0000],
[ 0000, 0000],
[ 0000, 0000],
[ 0000, 0000],
[ 0000, 0000],
[ 0000, 0000],
[ 0000, 0000]],
[[ 3.4341e+03, 3.4341e+03],
[ 0000, 0000],
[ 3.4341e+03, 3.4341e+03],
[ 3.4341e+03, 3.4341e+03],
[ 3.4341e+03, 3.4341e+03],
[ 3.4341e+03, 3.4341e+03],
[ 3.4341e+03, 3.4341e+03],
[ 3.4341e+03, 3.4341e+03],
[ 3.4341e+03, 3.4341e+03],
[ 3.4341e+03, 3.4341e+03],
[ 3.4341e+03, 3.4341e+03],
[ 3.4341e+03, 3.4341e+03]],
[[ 2.8627e+03, 2.8627e+03],
[ 2.8627e+03, 2.8627e+03],
[ 0000, 0000],
[ 2.8627e+03, 2.8627e+03],
[ 2.8627e+03, 2.8627e+03],
[ 2.8627e+03, 2.8627e+03],
[ 2.8627e+03, 2.8627e+03],
[ 2.8627e+03, 3.3081e+03],
[ 2.8627e+03, 2.8627e+03],
[ 2.8627e+03, 2.8627e+03],
[ 2.8627e+03, 2.8627e+03],
[ 2.8627e+03, 2.8627e+03]],
[[ 2.6677e+03, 2.6677e+03],
[ 2.6677e+03, 2.6677e+03],
[ 2.6677e+03, 2.9641e+03],
[ 0000, 0000],
[ 2.6677e+03, 2.8397e+03],
[ 2.6677e+03, 2.8855e+03],
[ 2.6677e+03, 2.6677e+03],
[ 2.6677e+03, 2.7589e+03],
[ 2.6677e+03, 2.9556e+03],
[ 2.6677e+03, 2.8886e+03],
[ 2.6677e+03, 2.6677e+03],
[ 2.6677e+03, 2.6677e+03]],
[[ 2.7349e+03, 2.7349e+03],
[ 2.7349e+03, 2.7349e+03],
[ 2.7349e+03, 3.0471e+03],
[ 2.7349e+03, 2.7349e+03],
[ 0000, 0000],
[ 2.7349e+03, 2.7349e+03],
[ 2.7349e+03, 2.7349e+03],
[ 2.7349e+03, 3.1551e+03],
[ 2.7349e+03, 2.7349e+03],
[ 2.7349e+03, 2.9714e+03],
[ 2.7349e+03, 2.7349e+03],
[ 2.7349e+03, 2.7349e+03]],
[[ 2.8232e+03, 2.8232e+03],
[ 2.8232e+03, 2.8232e+03],
[ 2.8232e+03, 3.0957e+03],
[ 2.8232e+03, 2.8232e+03],
[ 2.8232e+03, 2.8232e+03],
[ 0000, 0000],
[ 2.8232e+03, 2.8232e+03],
[ 2.8232e+03, 2.9416e+03],
[ 2.8232e+03, 3.0545e+03],
[ 2.8232e+03, 2.9907e+03],
[ 2.8232e+03, 2.8232e+03],
[ 2.8232e+03, 2.8232e+03]],
[[ 2.5725e+03, 2.5725e+03],
[ 2.5725e+03, 2.5725e+03],
[ 2.5725e+03, 2.7480e+03],
[ 2.5725e+03, 2.7088e+03],
[ 2.5725e+03, 2.7042e+03],
[ 2.5725e+03, 2.7679e+03],
[ 0000, 0000],
[ 2.5725e+03, 2.8359e+03],
[ 2.5725e+03, 2.7870e+03],
[ 2.5725e+03, 2.7355e+03],
[ 2.5725e+03, 2.6503e+03],
[ 2.5725e+03, 2.5725e+03]],
[[ 3.0015e+03, 3.0015e+03],
[ 3.0015e+03, 3.0015e+03],
[ 3.0015e+03, 3.0015e+03],
[ 3.0015e+03, 3.0015e+03],
[ 3.0015e+03, 3.0015e+03],
[ 3.0015e+03, 3.0015e+03],
[ 3.0015e+03, 3.0015e+03],
[ 0000, 0000],
[ 3.0015e+03, 3.0015e+03],
[ 3.0015e+03, 3.0015e+03],
[ 3.0015e+03, 3.0015e+03],
[ 3.0015e+03, 3.0015e+03]],
[[ 2.7707e+03, 2.7707e+03],
[ 2.7707e+03, 2.7707e+03],
[ 2.7707e+03, 2.7707e+03],
[ 2.7707e+03, 2.7707e+03],
[ 2.7740e+03, 2.7707e+03],
[ 2.7707e+03, 2.7707e+03],
[ 2.7707e+03, 2.7707e+03],
[ 2.7707e+03, 3.0913e+03],
[ 0000, 0000],
[ 2.7707e+03, 2.7707e+03],
[ 2.7707e+03, 2.7707e+03],
[ 2.7707e+03, 2.7707e+03]],
[[ 2.8075e+03, 2.8075e+03],
[ 2.8075e+03, 2.8075e+03],
[ 2.8075e+03, 3.0839e+03],
[ 2.8075e+03, 2.8075e+03],
[ 2.8075e+03, 2.9739e+03],
[ 2.8075e+03, 2.9435e+03],
[ 2.8075e+03, 2.8075e+03],
[ 2.8075e+03, 3.0238e+03],
[ 2.8075e+03, 3.0370e+03],
[ 0000, 0000],
[ 2.8075e+03, 2.8075e+03],
[ 2.8075e+03, 2.8075e+03]],
[[ 2.2894e+03, 2.2894e+03],
[ 2.2894e+03, 2.2894e+03],
[ 2.2894e+03, 2.6382e+03],
[ 2.2894e+03, 2.5460e+03],
[ 2.2894e+03, 2.5637e+03],
[ 2.2894e+03, 2.5417e+03],
[ 2.2894e+03, 2.5088e+03],
[ 2.2894e+03, 2.5717e+03],
[ 2.2894e+03, 2.6273e+03],
[ 2.2894e+03, 2.4786e+03],
[ 0000, 0000],
[ 2.2894e+03, 2.2894e+03]],
[[ 3.0879e+03, 3.0879e+03],
[ 3.0879e+03, 3.0879e+03],
[ 3.0879e+03, 3.1367e+03],
[ 3.0879e+03, 3.1656e+03],
[ 3.0879e+03, 3.1058e+03],
[ 3.0879e+03, 3.2687e+03],
[ 3.0879e+03, 3.0879e+03],
[ 3.0879e+03, 3.3949e+03],
[ 3.0879e+03, 3.0879e+03],
[ 3.0879e+03, 3.2890e+03],
[ 3.0879e+03, 3.1393e+03],
[ 0000, 0000]],
],
[[[ 0000, 0000],
[ 0000, 0000],
[ 0000, 0000],
[ 0000, 0000],
[ 0000, 0000],
[ 0000, 0000],
[ 0000, 0000],
[ 0000, 0000],
[ 0000, 0000],
[ 0000, 0000],
[ 0000, 0000],
[ 0000, 0000]],
[[ 2.7417e+03, 2.7417e+03],
[ 0000, 0000],
[ 2.7417e+03, 2.8933e+03],
[ 2.7417e+03, 2.7417e+03],
[ 2.7417e+03, 3.0936e+03],
[ 2.7417e+03, 2.9281e+03],
[ 2.7417e+03, 2.7417e+03],
[ 2.7417e+03, 2.9479e+03],
[ 2.7417e+03, 2.7417e+03],
[ 2.7417e+03, 3.0319e+03],
[ 2.7417e+03, 2.7417e+03],
[ 2.7417e+03, 2.7417e+03]],
[[ 3.2695e+03, 3.2695e+03],
[ 3.2695e+03, 3.2695e+03],
[ 0000, 0000],
[ 3.2695e+03, 3.2695e+03],
[ 3.2695e+03, 3.4614e+03],
[ 3.2695e+03, 3.2695e+03],
[ 3.2695e+03, 3.2695e+03],
[ 3.2695e+03, 3.2695e+03],
[ 3.2695e+03, 3.2695e+03],
[ 3.2695e+03, 3.2695e+03],
[ 3.2695e+03, 3.2695e+03],
[ 3.2695e+03, 3.2695e+03]],
[[ 2.6584e+03, 2.6584e+03],
[ 2.6584e+03, 2.6584e+03],
[ 2.6584e+03, 3.1371e+03],
[ 0000, 0000],
[ 2.6584e+03, 2.6584e+03],
[ 2.6584e+03, 2.9423e+03],
[ 2.6584e+03, 3.0753e+03],
[ 2.6584e+03, 2.9374e+03],
[ 2.6584e+03, 2.6584e+03],
[ 2.6584e+03, 2.8603e+03],
[ 2.6584e+03, 2.9006e+03],
[ 2.6584e+03, 2.6584e+03]],
[[ 3.6180e+03, 3.6180e+03],
[ 3.6180e+03, 3.6180e+03],
[ 3.6180e+03, 3.6180e+03],
[ 3.6180e+03, 3.6180e+03],
[ 0000, 0000],
[ 3.6180e+03, 3.6180e+03],
[ 3.6180e+03, 3.6180e+03],
[ 3.6180e+03, 3.6180e+03],
[ 3.6180e+03, 3.6180e+03],
[ 3.6180e+03, 3.6180e+03],
[ 3.6180e+03, 3.6180e+03],
[ 3.6180e+03, 3.6180e+03]],
[[ 2.7187e+03, 2.7187e+03],
[ 2.7187e+03, 2.7187e+03],
[ 2.7187e+03, 3.2647e+03],
[ 2.7187e+03, 2.7187e+03],
[ 2.7187e+03, 2.7187e+03],
[ 0000, 0000],
[ 2.7187e+03, 3.1138e+03],
[ 2.7187e+03, 2.9908e+03],
[ 2.7187e+03, 2.7187e+03],
[ 2.7187e+03, 3.0184e+03],
[ 2.7187e+03, 2.9453e+03],
[ 2.7187e+03, 2.7187e+03]],
[[ 3.0879e+03, 3.0879e+03],
[ 3.0879e+03, 3.0879e+03],
[ 3.0879e+03, 3.0879e+03],
[ 3.0879e+03, 3.0879e+03],
[ 3.0879e+03, 3.0879e+03],
[ 3.0879e+03, 3.0879e+03],
[ 0000, 0000],
[ 3.0879e+03, 3.0879e+03],
[ 3.0879e+03, 3.0879e+03],
[ 3.0879e+03, 3.0879e+03],
[ 3.0879e+03, 3.0879e+03],
[ 3.0879e+03, 3.0879e+03]],
[[ 2.8537e+03, 2.8537e+03],
[ 2.8537e+03, 2.8537e+03],
[ 2.8537e+03, 3.2306e+03],
[ 2.8537e+03, 2.8537e+03],
[ 2.8537e+03, 3.4322e+03],
[ 2.8537e+03, 3.0276e+03],
[ 2.8537e+03, 2.8537e+03],
[ 0000, 0000],
[ 2.8537e+03, 2.8537e+03],
[ 2.8537e+03, 3.0540e+03],
[ 2.8537e+03, 2.8537e+03],
[ 2.8537e+03, 2.8537e+03]],
[[ 2.5795e+03, 2.5795e+03],
[ 2.5795e+03, 2.7595e+03],
[ 2.5795e+03, 3.0236e+03],
[ 2.5795e+03, 2.7784e+03],
[ 2.5795e+03, 3.2563e+03],
[ 2.5795e+03, 2.8190e+03],
[ 2.5795e+03, 2.5795e+03],
[ 2.5795e+03, 2.7738e+03],
[ 0000, 0000],
[ 2.5795e+03, 2.8250e+03],
[ 2.5795e+03, 2.7516e+03],
[ 2.5795e+03, 2.5795e+03]],
[[ 2.9009e+03, 2.9009e+03],
[ 2.9009e+03, 2.9009e+03],
[ 2.9009e+03, 2.9009e+03],
[ 2.9009e+03, 2.9009e+03],
[ 2.9009e+03, 2.9009e+03],
[ 2.9009e+03, 2.9009e+03],
[ 2.9009e+03, 2.9009e+03],
[ 2.9009e+03, 2.9009e+03],
[ 2.9009e+03, 2.9009e+03],
[ 0000, 0000],
[ 2.9009e+03, 2.9009e+03],
[ 2.9009e+03, 2.9009e+03]],
[[ 2.8232e+03, 2.8232e+03],
[ 2.8232e+03, 2.8232e+03],
[ 2.8232e+03, 2.8232e+03],
[ 2.8232e+03, 2.8232e+03],
[ 2.8232e+03, 2.8232e+03],
[ 2.8232e+03, 3.0294e+03],
[ 2.8232e+03, 3.0377e+03],
[ 2.8232e+03, 2.8232e+03],
[ 2.8232e+03, 2.8232e+03],
[ 2.8232e+03, 3.1348e+03],
[ 0000, 0000],
[ 2.8232e+03, 2.8232e+03]],
[[ 0000, 0000],
[ 0000, 0000],
[ 0000, 0000],
[ 0000, 0000],
[ 0000, 0000],
[ 0000, 0000],
[ 0000, 0000],
[ 0000, 0000],
[ 0000, 0000],
[ 0000, 0000],
[ 0000, 0000],
[ 0000, 0000]],
],
];
C_src_ul = [[[[ 0000, 0000],
[ 0000, 0000],
[ 0000, 0000],
[ 0000, 0000],
[ 0000, 0000],
[ 0000, 0000],
[ 0000, 0000],
[ 0000, 0000],
[ 0000, 0000],
[ 0000, 0000],
[ 0000, 0000],
[ 0000, 0000]],
[[ 1.7167e+03, 1.7167e+03],
[ 0000, 0000],
[ 1.7167e+03, 1.7782e+03],
[ 1.7167e+03, 1.7167e+03],
[ 1.7167e+03, 1.7862e+03],
[ 1.7167e+03, 2.2010e+03],
[ 1.7167e+03, 1.7167e+03],
[ 1.7167e+03, 1.7551e+03],
[ 1.7167e+03, 1.8092e+03],
[ 1.7167e+03, 2.0230e+03],
[ 1.7167e+03, 1.7167e+03],
[ 1.7167e+03, 1.7167e+03]],
[[ 2.0135e+03, 2.0135e+03],
[ 2.0135e+03, 2.0135e+03],
[ 0000, 0000],
[ 2.0135e+03, 2.0135e+03],
[ 2.0135e+03, 2.0305e+03],
[ 2.0135e+03, 2.7039e+03],
[ 2.0135e+03, 2.0628e+03],
[ 2.0135e+03, 2.1718e+03],
[ 2.0135e+03, 2.0135e+03],
[ 2.0135e+03, 2.0537e+03],
[ 2.0135e+03, 2.0135e+03],
[ 2.0135e+03, 2.0135e+03]],
[[ 2.8550e+03, 2.8550e+03],
[ 2.8550e+03, 2.8550e+03],
[ 2.8550e+03, 2.8550e+03],
[ 0000, 0000],
[ 2.8550e+03, 2.8550e+03],
[ 2.8550e+03, 3.2185e+03],
[ 2.8550e+03, 2.8550e+03],
[ 2.8550e+03, 2.8550e+03],
[ 2.8550e+03, 2.8550e+03],
[ 2.8550e+03, 2.8550e+03],
[ 2.8550e+03, 2.8550e+03],
[ 2.8550e+03, 2.8550e+03]],
[[ 2.0135e+03, 2.0135e+03],
[ 2.0135e+03, 2.0135e+03],
[ 2.0135e+03, 2.0305e+03],
[ 2.0135e+03, 2.0135e+03],
[ 0000, 0000],
[ 2.0135e+03, 2.0135e+03],
[ 2.0135e+03, 2.0636e+03],
[ 2.0135e+03, 2.2017e+03],
[ 2.0135e+03, 2.0135e+03],
[ 2.0135e+03, 2.0778e+03],
[ 2.0135e+03, 2.0135e+03],
[ 2.0135e+03, 2.0135e+03]],
[[ 3.2778e+03, 3.2778e+03],
[ 3.2778e+03, 3.2778e+03],
[ 3.2778e+03, 3.2778e+03],
[ 3.2778e+03, 3.2778e+03],
[ 3.2778e+03, 3.2778e+03],
[ 0000, 0000],
[ 3.2778e+03, 3.2778e+03],
[ 3.2778e+03, 3.2778e+03],
[ 3.2778e+03, 3.2778e+03],
[ 3.2778e+03, 3.2778e+03],
[ 3.2778e+03, 3.2778e+03],
[ 3.2778e+03, 3.2778e+03]],
[[ 1.9602e+03, 1.9602e+03],
[ 1.9602e+03, 1.9602e+03],
[ 1.9602e+03, 1.9602e+03],
[ 1.9602e+03, 1.9602e+03],
[ 1.9602e+03, 1.9989e+03],
[ 1.9602e+03, 1.9602e+03],
[ 0000, 0000],
[ 1.9602e+03, 1.9602e+03],
[ 1.9602e+03, 1.9602e+03],
[ 1.9602e+03, 2.3559e+03],
[ 1.9602e+03, 2.0245e+03],
[ 1.9602e+03, 1.9602e+03]],
[[ 2.5989e+03, 2.5989e+03],
[ 2.5989e+03, 2.5989e+03],
[ 2.5989e+03, 2.5989e+03],
[ 2.5989e+03, 2.5989e+03],
[ 2.5989e+03, 2.5989e+03],
[ 2.5989e+03, 3.0508e+03],
[ 2.5989e+03, 2.5989e+03],
[ 0000, 0000],
[ 2.6061e+03, 2.5989e+03],
[ 2.5989e+03, 3.0033e+03],
[ 2.5989e+03, 2.5989e+03],
[ 2.5989e+03, 2.5989e+03]],
[[ 2.2543e+03, 2.2543e+03],
[ 2.2543e+03, 2.2543e+03],
[ 2.2543e+03, 2.2543e+03],
[ 2.2543e+03, 2.5605e+03],
[ 2.2543e+03, 2.2543e+03],
[ 2.2543e+03, 2.3731e+03],
[ 2.2543e+03, 2.2543e+03],
[ 2.2543e+03, 2.3575e+03],
[ 0000, 0000],
[ 2.2543e+03, 2.8528e+03],
[ 2.2543e+03, 2.2543e+03],
[ 2.2543e+03, 2.2543e+03]],
[[ 3.2113e+03, 3.2113e+03],
[ 3.2113e+03, 3.2113e+03],
[ 3.2113e+03, 3.2113e+03],
[ 3.2113e+03, 3.2113e+03],
[ 3.2113e+03, 3.2113e+03],
[ 3.6604e+03, 3.2113e+03],
[ 3.2113e+03, 3.2113e+03],
[ 3.2113e+03, 3.2113e+03],
[ 3.2113e+03, 3.2113e+03],
[ 0000, 0000],
[ 3.2113e+03, 3.2113e+03],
[ 3.2113e+03, 3.2113e+03]],
[[ 2.2851e+03, 2.2851e+03],
[ 2.2851e+03, 2.2851e+03],
[ 2.2851e+03, 2.2851e+03],
[ 2.2851e+03, 2.2851e+03],
[ 2.2851e+03, 2.2851e+03],
[ 2.2851e+03, 2.2851e+03],
[ 2.2851e+03, 2.2851e+03],
[ 2.2851e+03, 2.2851e+03],
[ 2.2851e+03, 2.2851e+03],
[ 2.2851e+03, 2.8052e+03],
[ 0000, 0000],
[ 2.2851e+03, 2.2851e+03]],
[[ 2.3956e+03, 2.3956e+03],
[ 2.3956e+03, 2.3956e+03],
[ 2.3956e+03, 2.4185e+03],
[ 2.3956e+03, 2.3956e+03],
[ 2.3956e+03, 2.4142e+03],
[ 2.3956e+03, 2.3956e+03],
[ 2.3956e+03, 2.3956e+03],
[ 2.3956e+03, 2.5629e+03],
[ 2.3956e+03, 2.3956e+03],
[ 2.3956e+03, 2.6012e+03],
[ 2.3956e+03, 2.4588e+03],
[ 0000, 0000]],
],
[[[ 0000, 0000],
[ 0000, 0000],
[ 0000, 0000],
[ 0000, 0000],
[ 0000, 0000],
[ 0000, 0000],
[ 0000, 0000],
[ 0000, 0000],
[ 0000, 0000],
[ 0000, 0000],
[ 0000, 0000],
[ 0000, 0000]],
[[ 1.8414e+03, 1.8414e+03],
[ 0000, 0000],
[ 1.8414e+03, 1.9946e+03],
[ 1.8414e+03, 1.8414e+03],
[ 1.8414e+03, 1.8414e+03],
[ 1.8414e+03, 1.8414e+03],
[ 1.8414e+03, 1.8414e+03],
[ 1.8414e+03, 1.9023e+03],
[ 1.8414e+03, 1.8414e+03],
[ 1.8414e+03, 1.8414e+03],
[ 1.8414e+03, 1.8414e+03],
[ 1.8414e+03, 1.8414e+03]],
[[ 3.2695e+03, 3.2695e+03],
[ 3.2695e+03, 3.2695e+03],
[ 0000, 0000],
[ 3.2695e+03, 3.2695e+03],
[ 3.2695e+03, 3.2695e+03],
[ 3.2695e+03, 3.2695e+03],
[ 3.2695e+03, 3.2695e+03],
[ 3.2695e+03, 3.2695e+03],
[ 3.2695e+03, 3.2695e+03],
[ 3.2695e+03, 3.2695e+03],
[ 3.2695e+03, 3.2695e+03],
[ 3.2695e+03, 3.2695e+03]],
[[ 1.6524e+03, 1.6524e+03],
[ 1.6524e+03, 1.6831e+03],
[ 1.6524e+03, 2.1031e+03],
[ 0000, 0000],
[ 1.6524e+03, 2.1085e+03],
[ 1.6524e+03, 1.6563e+03],
[ 1.6524e+03, 1.7256e+03],
[ 1.6524e+03, 1.7044e+03],
[ 1.6524e+03, 1.6641e+03],
[ 1.6524e+03, 1.6552e+03],
[ 1.6524e+03, 1.6839e+03],
[ 1.6524e+03, 1.6524e+03]],
[[ 3.2695e+03, 3.2695e+03],
[ 3.2695e+03, 3.2695e+03],
[ 3.2695e+03, 3.2695e+03],
[ 3.2695e+03, 3.2695e+03],
[ 0000, 0000],
[ 3.2695e+03, 3.2695e+03],
[ 3.2695e+03, 3.2695e+03],
[ 3.2695e+03, 3.2695e+03],
[ 3.2695e+03, 3.2695e+03],
[ 3.2695e+03, 3.2695e+03],
[ 3.2695e+03, 3.2695e+03],
[ 3.2695e+03, 3.2695e+03]],
[[ 1.8481e+03, 1.8481e+03],
[ 1.8481e+03, 1.8481e+03],
[ 1.8481e+03, 2.2532e+03],
[ 1.8481e+03, 1.8481e+03],
[ 1.8481e+03, 2.3319e+03],
[ 0000, 0000],
[ 1.8481e+03, 1.9025e+03],
[ 1.8481e+03, 1.8873e+03],
[ 1.8481e+03, 1.8481e+03],
[ 1.8481e+03, 1.8625e+03],
[ 1.8481e+03, 1.8481e+03],
[ 1.8481e+03, 1.8481e+03]],
[[ 2.1778e+03, 2.1778e+03],
[ 2.1778e+03, 2.1778e+03],
[ 2.1778e+03, 2.1778e+03],
[ 2.1778e+03, 2.1778e+03],
[ 2.1778e+03, 2.2141e+03],
[ 2.1778e+03, 2.1778e+03],
[ 0000, 0000],
[ 2.1778e+03, 2.1778e+03],
[ 2.1778e+03, 2.1778e+03],
[ 2.1778e+03, 2.2188e+03],
[ 2.1778e+03, 2.1778e+03],
[ 2.1778e+03, 2.1778e+03]],
[[ 2.0135e+03, 2.0135e+03],
[ 2.0135e+03, 2.0135e+03],
[ 2.0135e+03, 2.2271e+03],
[ 2.0135e+03, 2.0135e+03],
[ 2.0135e+03, 2.6524e+03],
[ 2.0135e+03, 2.0135e+03],
[ 2.0135e+03, 2.0135e+03],
[ 0000, 0000],
[ 2.0135e+03, 2.0135e+03],
[ 2.0135e+03, 2.0561e+03],
[ 2.0135e+03, 2.0135e+03],
[ 2.0135e+03, 2.0135e+03]],
[[ 1.4948e+03, 1.4948e+03],
[ 1.4948e+03, 1.5732e+03],
[ 1.4948e+03, 1.8965e+03],
[ 1.4948e+03, 1.5184e+03],
[ 1.4948e+03, 2.1592e+03],
[ 1.4948e+03, 1.5471e+03],
[ 1.4948e+03, 1.4948e+03],
[ 1.4948e+03, 1.5204e+03],
[ 0000, 0000],
[ 1.4948e+03, 1.5815e+03],
[ 1.4948e+03, 1.4948e+03],
[ 1.4948e+03, 1.4948e+03]],
[[ 2.1171e+03, 2.1171e+03],
[ 2.1171e+03, 2.1171e+03],
[ 2.1171e+03, 2.5561e+03],
[ 2.1171e+03, 2.1171e+03],
[ 2.1171e+03, 2.5760e+03],
[ 2.1171e+03, 2.1171e+03],
[ 2.1171e+03, 2.1171e+03],
[ 2.1171e+03, 2.1502e+03],
[ 2.1171e+03, 2.1171e+03],
[ 0000, 0000],
[ 2.1171e+03, 2.1171e+03],
[ 2.1171e+03, 2.1171e+03]],
[[ 1.7167e+03, 1.7167e+03],
[ 1.7167e+03, 1.7167e+03],
[ 1.7167e+03, 2.3647e+03],
[ 1.7167e+03, 1.7308e+03],
[ 1.7167e+03, 1.9355e+03],
[ 1.7167e+03, 1.7496e+03],
[ 1.7167e+03, 1.7503e+03],
[ 1.7167e+03, 1.7702e+03],
[ 1.7167e+03, 1.7167e+03],
[ 1.7167e+03, 1.7864e+03],
[ 0000, 0000],
[ 1.7167e+03, 1.7167e+03]],
[[ 2.8232e+03, 2.8232e+03],
[ 2.8232e+03, 2.8232e+03],
[ 2.8232e+03, 2.8232e+03],
[ 2.8232e+03, 2.8232e+03],
[ 2.8232e+03, 2.9337e+03],
[ 2.8232e+03, 2.8232e+03],
[ 2.8232e+03, 2.8232e+03],
[ 2.8232e+03, 2.8232e+03],
[ 2.8232e+03, 2.8232e+03],
[ 2.8232e+03, 2.8232e+03],
[ 2.8232e+03, 2.8232e+03],
[ 0000, 0000]],
],
[[[ 0000, 0000],
[ 0000, 0000],
[ 0000, 0000],
[ 0000, 0000],
[ 0000, 0000],
[ 0000, 0000],
[ 0000, 0000],
[ 0000, 0000],
[ 0000, 0000],
[ 0000, 0000],
[ 0000, 0000],
[ 0000, 0000]],
[[ 2.7678e+03, 2.7678e+03],
[ 0000, 0000],
[ 2.7678e+03, 2.7678e+03],
[ 2.7678e+03, 2.7678e+03],
[ 2.7678e+03, 2.7678e+03],
[ 2.7678e+03, 2.7678e+03],
[ 2.7678e+03, 2.7678e+03],
[ 2.7678e+03, 2.7678e+03],
[ 2.7678e+03, 2.7678e+03],
[ 2.7678e+03, 2.7678e+03],
[ 2.7678e+03, 2.7678e+03],
[ 2.7678e+03, 2.7678e+03]],
[[ 2.2851e+03, 2.2851e+03],
[ 2.2851e+03, 2.5531e+03],
[ 0000, 0000],
[ 2.2851e+03, 2.2851e+03],
[ 2.2851e+03, 2.2851e+03],
[ 2.2851e+03, 2.2851e+03],
[ 2.2851e+03, 2.2851e+03],
[ 2.2851e+03, 2.5858e+03],
[ 2.2851e+03, 2.2851e+03],
[ 2.2851e+03, 2.2851e+03],
[ 2.2851e+03, 2.2851e+03],
[ 2.2851e+03, 2.2851e+03]],
[[ 1.8283e+03, 1.8283e+03],
[ 1.8283e+03, 1.8283e+03],
[ 1.8283e+03, 1.8283e+03],
[ 0000, 0000],
[ 1.8283e+03, 1.8283e+03],
[ 1.8283e+03, 1.8700e+03],
[ 1.8283e+03, 1.8283e+03],
[ 1.8283e+03, 1.9101e+03],
[ 1.8283e+03, 1.9394e+03],
[ 1.8283e+03, 1.8978e+03],
[ 1.8283e+03, 1.8283e+03],
[ 1.8283e+03, 1.8283e+03]],
[[ 1.9384e+03, 1.9384e+03],
[ 1.9384e+03, 1.9384e+03],
[ 1.9384e+03, 1.9788e+03],
[ 1.9384e+03, 1.9384e+03],
[ 0000, 0000],
[ 1.9384e+03, 2.0330e+03],
[ 1.9384e+03, 1.9384e+03],
[ 1.9384e+03, 2.2821e+03],
[ 1.9384e+03, 1.9384e+03],
[ 1.9384e+03, 2.0257e+03],
[ 1.9384e+03, 1.9384e+03],
[ 1.9384e+03, 1.9384e+03]],
[[ 2.1225e+03, 2.1225e+03],
[ 2.1225e+03, 2.1225e+03],
[ 2.1225e+03, 2.1225e+03],
[ 2.1225e+03, 2.1225e+03],
[ 2.1225e+03, 2.1225e+03],
[ 0000, 0000],
[ 2.1225e+03, 2.1225e+03],
[ 2.1225e+03, 2.1520e+03],
[ 2.1225e+03, 2.2116e+03],
[ 2.1225e+03, 2.1460e+03],
[ 2.1225e+03, 2.1225e+03],
[ 2.1225e+03, 2.1225e+03]],
[[ 1.5788e+03, 1.5788e+03],
[ 1.5788e+03, 1.5788e+03],
[ 1.5788e+03, 1.6642e+03],
[ 1.5788e+03, 1.6332e+03],
[ 1.5788e+03, 1.6257e+03],
[ 1.5788e+03, 1.6671e+03],
[ 0000, 0000],
[ 1.5788e+03, 1.7784e+03],
[ 1.5788e+03, 1.7465e+03],
[ 1.5788e+03, 1.6408e+03],
[ 1.5788e+03, 1.5902e+03],
[ 1.5788e+03, 1.5788e+03]],
[[ 2.7707e+03, 2.7707e+03],
[ 2.7707e+03, 2.7707e+03],
[ 2.7707e+03, 2.7707e+03],
[ 2.7707e+03, 2.7707e+03],
[ 2.7707e+03, 2.7707e+03],
[ 2.7707e+03, 2.7707e+03],
[ 2.7707e+03, 2.7707e+03],
[ 0000, 0000],
[ 2.7707e+03, 2.7707e+03],
[ 2.7707e+03, 2.7707e+03],
[ 2.7707e+03, 2.7707e+03],
[ 2.7707e+03, 2.7707e+03]],
[[ 2.4522e+03, 2.4522e+03],
[ 2.4522e+03, 2.4522e+03],
[ 2.4522e+03, 2.4522e+03],
[ 2.4522e+03, 2.4522e+03],
[ 2.4522e+03, 2.4522e+03],
[ 2.4522e+03, 2.4522e+03],
[ 2.4522e+03, 2.4522e+03],
[ 2.4522e+03, 2.6163e+03],
[ 0000, 0000],
[ 2.4522e+03, 2.4522e+03],
[ 2.4522e+03, 2.4522e+03],
[ 2.4522e+03, 2.4522e+03]],
[[ 2.2851e+03, 2.2851e+03],
[ 2.2851e+03, 2.2851e+03],
[ 2.2851e+03, 2.3462e+03],
[ 2.2851e+03, 2.2851e+03],
[ 2.2851e+03, 2.2851e+03],
[ 2.2851e+03, 2.3092e+03],
[ 2.2851e+03, 2.2851e+03],
[ 2.2851e+03, 2.3695e+03],
[ 2.2851e+03, 2.4073e+03],
[ 0000, 0000],
[ 2.2851e+03, 2.2851e+03],
[ 2.2851e+03, 2.2851e+03]],
[[ 1.3583e+03, 1.3583e+03],
[ 1.3583e+03, 1.3583e+03],
[ 1.3583e+03, 1.5224e+03],
[ 1.3583e+03, 1.4373e+03],
[ 1.3583e+03, 1.4556e+03],
[ 1.3583e+03, 1.4532e+03],
[ 1.3583e+03, 1.3881e+03],
[ 1.3583e+03, 1.5549e+03],
[ 1.3583e+03, 1.5617e+03],
[ 1.3583e+03, 1.4225e+03],
[ 0000, 0000],
[ 1.3583e+03, 1.3583e+03]],
[[ 2.1438e+03, 2.1438e+03],
[ 2.1438e+03, 2.1438e+03],
[ 2.1438e+03, 2.1744e+03],
[ 2.1438e+03, 2.1468e+03],
[ 2.1438e+03, 2.1530e+03],
[ 2.1438e+03, 2.2155e+03],
[ 2.1438e+03, 2.1438e+03],
[ 2.1438e+03, 2.3692e+03],
[ 2.1438e+03, 2.1438e+03],
[ 2.1438e+03, 2.2098e+03],
[ 2.1438e+03, 2.1445e+03],
[ 0000, 0000]],
],
[[[ 0000, 0000],
[ 0000, 0000],
[ 0000, 0000],
[ 0000, 0000],
[ 0000, 0000],
[ 0000, 0000],
[ 0000, 0000],
[ 0000, 0000],
[ 0000, 0000],
[ 0000, 0000],
[ 0000, 0000],
[ 0000, 0000]],
[[ 1.4882e+03, 1.4882e+03],
[ 0000, 0000],
[ 1.4882e+03, 1.5744e+03],
[ 1.4882e+03, 1.7534e+03],
[ 1.4882e+03, 1.6033e+03],
[ 1.4882e+03, 1.7906e+03],
[ 1.4882e+03, 1.4882e+03],
[ 1.4882e+03, 1.5762e+03],
[ 1.4882e+03, 1.5715e+03],
[ 1.4882e+03, 1.6343e+03],
[ 1.4882e+03, 1.4882e+03],
[ 1.4882e+03, 1.4882e+03]],
[[ 1.9601e+03, 1.9601e+03],
[ 1.9601e+03, 1.9601e+03],
[ 0000, 0000],
[ 1.9601e+03, 1.9601e+03],
[ 1.9601e+03, 1.9839e+03],
[ 1.9601e+03, 2.3332e+03],
[ 1.9601e+03, 2.0893e+03],
[ 1.9601e+03, 2.0589e+03],
[ 1.9601e+03, 1.9601e+03],
[ 1.9601e+03, 2.2670e+03],
[ 1.9601e+03, 1.9601e+03],
[ 1.9601e+03, 1.9601e+03]],
[[ 2.7417e+03, 2.7417e+03],
[ 2.7417e+03, 2.7417e+03],
[ 2.7417e+03, 2.7417e+03],
[ 0000, 0000],
[ 2.7417e+03, 2.7417e+03],
[ 2.7417e+03, 2.8357e+03],
[ 2.7417e+03, 2.7417e+03],
[ 2.7417e+03, 2.7417e+03],
[ 2.7417e+03, 2.7417e+03],
[ 2.7417e+03, 3.0512e+03],
[ 2.7417e+03, 2.7417e+03],
[ 2.7417e+03, 2.7417e+03]],
[[ 2.1134e+03, 2.1134e+03],
[ 2.1134e+03, 2.1134e+03],
[ 2.1134e+03, 2.1305e+03],
[ 2.1134e+03, 2.1134e+03],
[ 0000, 0000],
[ 2.1134e+03, 2.1134e+03],
[ 2.1134e+03, 2.2143e+03],
[ 2.1134e+03, 2.2156e+03],
[ 2.1134e+03, 2.1134e+03],
[ 2.1134e+03, 2.4887e+03],
[ 2.1134e+03, 2.1134e+03],
[ 2.1134e+03, 2.1134e+03]],
[[ 2.8028e+03, 2.8028e+03],
[ 2.8028e+03, 2.8028e+03],
[ 2.8028e+03, 2.8028e+03],
[ 2.8028e+03, 2.8028e+03],
[ 2.8028e+03, 2.8028e+03],
[ 0000, 0000],
[ 2.8050e+03, 2.8028e+03],
[ 2.8028e+03, 2.8028e+03],
[ 2.8028e+03, 2.8028e+03],
[ 2.8028e+03, 2.9608e+03],
[ 2.8028e+03, 2.8028e+03],
[ 2.8028e+03, 2.8028e+03]],
[[ 2.4133e+03, 2.4133e+03],
[ 2.4133e+03, 2.4133e+03],
[ 2.4133e+03, 2.4133e+03],
[ 2.4133e+03, 2.4133e+03],
[ 2.4133e+03, 2.4133e+03],
[ 2.4133e+03, 2.4133e+03],
[ 0000, 0000],
[ 2.4133e+03, 2.4133e+03],
[ 2.4133e+03, 2.4133e+03],
[ 2.4133e+03, 2.4133e+03],
[ 2.4133e+03, 2.4966e+03],
[ 2.4133e+03, 2.4133e+03]],
[[ 2.4522e+03, 2.4522e+03],
[ 2.4522e+03, 2.4522e+03],
[ 2.4522e+03, 2.4522e+03],
[ 2.4522e+03, 2.5969e+03],
[ 2.4522e+03, 2.4522e+03],
[ 2.4522e+03, 2.5932e+03],
[ 2.4522e+03, 2.4522e+03],
[ 0000, 0000],
[ 2.4522e+03, 2.4522e+03],
[ 2.4522e+03, 2.4864e+03],
[ 2.4522e+03, 2.4522e+03],
[ 2.4522e+03, 2.4522e+03]],
[[ 1.8628e+03, 1.8628e+03],
[ 1.8628e+03, 1.8628e+03],
[ 1.8628e+03, 1.8628e+03],
[ 1.8628e+03, 1.9911e+03],
[ 1.8628e+03, 1.8628e+03],
[ 1.8628e+03, 1.9151e+03],
[ 1.8628e+03, 1.8628e+03],
[ 1.8628e+03, 1.9204e+03],
[ 0000, 0000],
[ 1.8628e+03, 2.0830e+03],
[ 1.8628e+03, 1.8628e+03],
[ 1.8628e+03, 1.8628e+03]],
[[ 2.9777e+03, 2.9777e+03],
[ 2.9777e+03, 2.9777e+03],
[ 2.9777e+03, 2.9777e+03],
[ 2.9777e+03, 2.9777e+03],
[ 2.9777e+03, 2.9777e+03],
[ 2.9777e+03, 2.9777e+03],
[ 2.9777e+03, 2.9777e+03],
[ 2.9777e+03, 2.9777e+03],
[ 2.9777e+03, 2.9777e+03],
[ 0000, 0000],
[ 2.9777e+03, 2.9777e+03],
[ 2.9777e+03, 2.9777e+03]],
[[ 2.5989e+03, 2.5989e+03],
[ 2.5989e+03, 2.5989e+03],
[ 2.5989e+03, 2.5989e+03],
[ 2.5989e+03, 2.5989e+03],
[ 2.5989e+03, 2.5989e+03],
[ 2.5989e+03, 2.5989e+03],
[ 2.5989e+03, 2.5989e+03],
[ 2.5989e+03, 2.5989e+03],
[ 2.5989e+03, 2.5989e+03],
[ 2.5989e+03, 2.5989e+03],
[ 0000, 0000],
[ 2.5989e+03, 2.5989e+03]],
[[ 2.5195e+03, 2.5195e+03],
[ 2.5195e+03, 2.5195e+03],
[ 2.5195e+03, 2.5227e+03],
[ 2.5195e+03, 2.5195e+03],
[ 2.5195e+03, 2.5312e+03],
[ 2.5195e+03, 2.5195e+03],
[ 2.5195e+03, 2.5195e+03],
[ 2.5195e+03, 2.5195e+03],
[ 2.5195e+03, 2.5195e+03],
[ 2.5195e+03, 2.9376e+03],
[ 2.5195e+03, 2.6103e+03],
[ 0000, 0000]],
],
[[[ 0000, 0000],
[ 0000, 0000],
[ 0000, 0000],
[ 0000, 0000],
[ 0000, 0000],
[ 0000, 0000],
[ 0000, 0000],
[ 0000, 0000],
[ 0000, 0000],
[ 0000, 0000],
[ 0000, 0000],
[ 0000, 0000]],
[[ 3.0297e+03, 3.0297e+03],
[ 0000, 0000],
[ 3.0297e+03, 3.0297e+03],
[ 3.0297e+03, 3.0297e+03],
[ 3.0297e+03, 3.0297e+03],
[ 3.0297e+03, 3.0297e+03],
[ 3.0297e+03, 3.0297e+03],
[ 3.0297e+03, 3.0297e+03],
[ 3.0297e+03, 3.0297e+03],
[ 3.0297e+03, 3.0297e+03],
[ 3.0297e+03, 3.0297e+03],
[ 3.0297e+03, 3.0297e+03]],
[[ 2.2065e+03, 2.2065e+03],
[ 2.2065e+03, 2.2065e+03],
[ 0000, 0000],
[ 2.2065e+03, 2.2065e+03],
[ 2.2065e+03, 2.2065e+03],
[ 2.2065e+03, 2.2065e+03],
[ 2.2065e+03, 2.2065e+03],
[ 2.2065e+03, 2.3968e+03],
[ 2.2065e+03, 2.2065e+03],
[ 2.2065e+03, 2.2065e+03],
[ 2.2065e+03, 2.2065e+03],
[ 2.2065e+03, 2.2065e+03]],
[[ 1.7060e+03, 1.7060e+03],
[ 1.7060e+03, 1.7060e+03],
[ 1.7060e+03, 1.8312e+03],
[ 0000, 0000],
[ 1.7060e+03, 1.7653e+03],
[ 1.7060e+03, 1.7291e+03],
[ 1.7060e+03, 1.7060e+03],
[ 1.7060e+03, 1.7465e+03],
[ 1.7060e+03, 1.7814e+03],
[ 1.7060e+03, 1.7587e+03],
[ 1.7060e+03, 1.7060e+03],
[ 1.7060e+03, 1.7060e+03]],
[[ 1.9658e+03, 1.9658e+03],
[ 1.9658e+03, 1.9658e+03],
[ 1.9658e+03, 1.9788e+03],
[ 1.9658e+03, 1.9658e+03],
[ 0000, 0000],
[ 1.9658e+03, 1.9658e+03],
[ 1.9658e+03, 1.9658e+03],
[ 1.9658e+03, 2.1404e+03],
[ 1.9658e+03, 1.9658e+03],
[ 1.9658e+03, 2.0212e+03],
[ 1.9658e+03, 1.9658e+03],
[ 1.9658e+03, 1.9658e+03]],
[[ 2.0135e+03, 2.0135e+03],
[ 2.0135e+03, 2.0135e+03],
[ 2.0135e+03, 2.1171e+03],
[ 2.0135e+03, 2.0135e+03],
[ 2.0135e+03, 2.0135e+03],
[ 0000, 0000],
[ 2.0135e+03, 2.0135e+03],
[ 2.0135e+03, 2.0294e+03],
[ 2.0135e+03, 2.0724e+03],
[ 2.0135e+03, 2.0332e+03],
[ 2.0135e+03, 2.0135e+03],
[ 2.0135e+03, 2.0135e+03]],
[[ 1.4590e+03, 1.4590e+03],
[ 1.4590e+03, 1.4590e+03],
[ 1.4590e+03, 1.5321e+03],
[ 1.4590e+03, 1.4986e+03],
[ 1.4590e+03, 1.5010e+03],
[ 1.4590e+03, 1.5257e+03],
[ 0000, 0000],
[ 1.4590e+03, 1.6163e+03],
[ 1.4590e+03, 1.5645e+03],
[ 1.4590e+03, 1.5134e+03],
[ 1.4590e+03, 1.4665e+03],
[ 1.4590e+03, 1.4590e+03]],
[[ 2.6928e+03, 2.6928e+03],
[ 2.6928e+03, 2.6928e+03],
[ 2.6928e+03, 2.6928e+03],
[ 2.6928e+03, 2.6928e+03],
[ 2.6928e+03, 2.6928e+03],
[ 2.6928e+03, 2.6928e+03],
[ 2.6928e+03, 2.6928e+03],
[ 0000, 0000],
[ 2.6928e+03, 2.6928e+03],
[ 2.6928e+03, 2.6928e+03],
[ 2.6928e+03, 2.6928e+03],
[ 2.6928e+03, 2.6928e+03]],
[[ 2.1247e+03, 2.1247e+03],
[ 2.1247e+03, 2.1247e+03],
[ 2.1247e+03, 2.1247e+03],
[ 2.1247e+03, 2.1247e+03],
[ 2.1247e+03, 2.1247e+03],
[ 2.1247e+03, 2.1247e+03],
[ 2.1247e+03, 2.1247e+03],
[ 2.1247e+03, 2.2284e+03],
[ 0000, 0000],
[ 2.1247e+03, 2.1247e+03],
[ 2.1247e+03, 2.1247e+03],
[ 2.1247e+03, 2.1247e+03]],
[[ 2.0135e+03, 2.0135e+03],
[ 2.0135e+03, 2.0135e+03],
[ 2.0135e+03, 2.1157e+03],
[ 2.0135e+03, 2.0135e+03],
[ 2.0135e+03, 2.0520e+03],
[ 2.0135e+03, 2.0301e+03],
[ 2.0135e+03, 2.0135e+03],
[ 2.0135e+03, 2.0740e+03],
[ 2.0135e+03, 2.0919e+03],
[ 0000, 0000],
[ 2.0135e+03, 2.0135e+03],
[ 2.0135e+03, 2.0135e+03]],
[[ 1.4099e+03, 1.4099e+03],
[ 1.4099e+03, 1.4099e+03],
[ 1.4099e+03, 1.5214e+03],
[ 1.4099e+03, 1.4480e+03],
[ 1.4099e+03, 1.4783e+03],
[ 1.4099e+03, 1.4529e+03],
[ 1.4099e+03, 1.4238e+03],
[ 1.4099e+03, 1.5135e+03],
[ 1.4099e+03, 1.5226e+03],
[ 1.4099e+03, 1.4288e+03],
[ 0000, 0000],
[ 1.4099e+03, 1.4099e+03]],
[[ 2.1430e+03, 2.1430e+03],
[ 2.1430e+03, 2.1430e+03],
[ 2.1430e+03, 2.1682e+03],
[ 2.1430e+03, 2.1452e+03],
[ 2.1430e+03, 2.1509e+03],
[ 2.1430e+03, 2.1741e+03],
[ 2.1430e+03, 2.1430e+03],
[ 2.1430e+03, 2.2887e+03],
[ 2.1430e+03, 2.1430e+03],
[ 2.1430e+03, 2.1802e+03],
[ 2.1430e+03, 2.1435e+03],
[ 0000, 0000]],
],
[[[ 0000, 0000],
[ 0000, 0000],
[ 0000, 0000],
[ 0000, 0000],
[ 0000, 0000],
[ 0000, 0000],
[ 0000, 0000],
[ 0000, 0000],
[ 0000, 0000],
[ 0000, 0000],
[ 0000, 0000],
[ 0000, 0000]],
[[ 1.6913e+03, 1.6913e+03],
[ 0000, 0000],
[ 1.6913e+03, 1.8271e+03],
[ 1.6913e+03, 1.6913e+03],
[ 1.6913e+03, 2.0922e+03],
[ 1.6913e+03, 1.7579e+03],
[ 1.6913e+03, 1.6913e+03],
[ 1.6913e+03, 1.7701e+03],
[ 1.6913e+03, 1.6913e+03],
[ 1.6913e+03, 1.8595e+03],
[ 1.6913e+03, 1.6913e+03],
[ 1.6913e+03, 1.6913e+03]],
[[ 2.7045e+03, 2.7045e+03],
[ 2.7045e+03, 2.7045e+03],
[ 0000, 0000],
[ 2.7045e+03, 2.7045e+03],
[ 2.7045e+03, 2.8883e+03],
[ 2.7045e+03, 2.7045e+03],
[ 2.7045e+03, 2.7045e+03],
[ 2.7045e+03, 2.7045e+03],
[ 2.7045e+03, 2.7045e+03],
[ 2.7045e+03, 2.7045e+03],
[ 2.7045e+03, 2.7045e+03],
[ 2.7045e+03, 2.7045e+03]],
[[ 1.7151e+03, 1.7151e+03],
[ 1.7151e+03, 1.7151e+03],
[ 1.7151e+03, 2.0694e+03],
[ 0000, 0000],
[ 1.7151e+03, 1.7151e+03],
[ 1.7151e+03, 1.7387e+03],
[ 1.7151e+03, 1.9529e+03],
[ 1.7151e+03, 1.7767e+03],
[ 1.7151e+03, 1.7151e+03],
[ 1.7151e+03, 1.7549e+03],
[ 1.7151e+03, 1.7783e+03],
[ 1.7151e+03, 1.7151e+03]],
[[ 3.1496e+03, 3.1496e+03],
[ 3.1496e+03, 3.1496e+03],
[ 3.1496e+03, 3.1496e+03],
[ 3.1496e+03, 3.1496e+03],
[ 0000, 0000],
[ 3.1496e+03, 3.1496e+03],
[ 3.1496e+03, 3.1496e+03],
[ 3.1496e+03, 3.1496e+03],
[ 3.1496e+03, 3.1496e+03],
[ 3.1496e+03, 3.1496e+03],
[ 3.1496e+03, 3.1496e+03],
[ 3.1496e+03, 3.1496e+03]],
[[ 1.9279e+03, 1.9279e+03],
[ 1.9279e+03, 1.9279e+03],
[ 1.9279e+03, 2.2547e+03],
[ 1.9279e+03, 1.9279e+03],
[ 1.9279e+03, 1.9279e+03],
[ 0000, 0000],
[ 1.9279e+03, 2.1308e+03],
[ 1.9279e+03, 1.9903e+03],
[ 1.9279e+03, 1.9279e+03],
[ 1.9279e+03, 1.9611e+03],
[ 1.9279e+03, 1.9931e+03],
[ 1.9279e+03, 1.9279e+03]],
[[ 2.6111e+03, 2.6111e+03],
[ 2.6111e+03, 2.6111e+03],
[ 2.6111e+03, 2.6111e+03],
[ 2.6111e+03, 2.6111e+03],
[ 2.6111e+03, 2.6111e+03],
[ 2.6111e+03, 2.6111e+03],
[ 0000, 0000],
[ 2.6111e+03, 2.6111e+03],
[ 2.6111e+03, 2.6111e+03],
[ 2.6111e+03, 2.6111e+03],
[ 2.6111e+03, 2.6111e+03],
[ 2.6111e+03, 2.6111e+03]],
[[ 1.9390e+03, 1.9390e+03],
[ 1.9390e+03, 1.9390e+03],
[ 1.9390e+03, 2.1864e+03],
[ 1.9390e+03, 1.9390e+03],
[ 1.9390e+03, 2.5017e+03],
[ 1.9390e+03, 1.9922e+03],
[ 1.9390e+03, 1.9390e+03],
[ 0000, 0000],
[ 1.9390e+03, 1.9390e+03],
[ 1.9390e+03, 2.0321e+03],
[ 1.9390e+03, 1.9390e+03],
[ 1.9390e+03, 1.9390e+03]],
[[ 1.5006e+03, 1.5006e+03],
[ 1.5006e+03, 1.5298e+03],
[ 1.5006e+03, 1.8110e+03],
[ 1.5006e+03, 1.5374e+03],
[ 1.5006e+03, 2.1109e+03],
[ 1.5006e+03, 1.5563e+03],
[ 1.5006e+03, 1.5006e+03],
[ 1.5006e+03, 1.5305e+03],
[ 0000, 0000],
[ 1.5006e+03, 1.5896e+03],
[ 1.5006e+03, 1.5920e+03],
[ 1.5006e+03, 1.5006e+03]],
[[ 2.3920e+03, 2.3920e+03],
[ 2.3920e+03, 2.3920e+03],
[ 2.3920e+03, 2.3920e+03],
[ 2.3920e+03, 2.3920e+03],
[ 2.3920e+03, 2.3920e+03],
[ 2.3920e+03, 2.3920e+03],
[ 2.3920e+03, 2.3920e+03],
[ 2.3920e+03, 2.3920e+03],
[ 2.3920e+03, 2.3920e+03],
[ 0000, 0000],
[ 2.3920e+03, 2.3920e+03],
[ 2.3920e+03, 2.3920e+03]],
[[ 1.9605e+03, 1.9605e+03],
[ 1.9605e+03, 1.9605e+03],
[ 1.9605e+03, 1.9605e+03],
[ 1.9605e+03, 1.9605e+03],
[ 1.9605e+03, 1.9605e+03],
[ 1.9605e+03, 2.0093e+03],
[ 1.9605e+03, 2.0395e+03],
[ 1.9605e+03, 1.9605e+03],
[ 1.9605e+03, 1.9605e+03],
[ 1.9605e+03, 2.0911e+03],
[ 0000, 0000],
[ 1.9605e+03, 1.9605e+03]],
[[ 0000, 0000],
[ 0000, 0000],
[ 0000, 0000],
[ 0000, 0000],
[ 0000, 0000],
[ 0000, 0000],
[ 0000, 0000],
[ 0000, 0000],
[ 0000, 0000],
[ 0000, 0000],
[ 0000, 0000],
[ 0000, 0000]],
],
];
C_sd_dl = [[[[ 0000, 0000],
[ 0000, 0000],
[ 0000, 0000],
[ 0000, 0000],
[ 0000, 0000],
[ 0000, 0000],
[ 0000, 0000],
[ 0000, 0000],
[ 0000, 0000],
[ 0000, 0000],
[ 0000, 0000],
[ 0000, 0000]],
[[ 0000, 0000],
[ 0000, 0000],
[ 0000, 1.6230e+04],
[ 0000, 0000],
[ 0000, 1.1455e+04],
[ 0000, 1.5726e+04],
[ 0000, 0000],
[ 0000, 3.6043e+04],
[ 0000, 1.4202e+04],
[ 0000, 1.8159e+04],
[ 0000, 0000],
[ 0000, 0000]],
[[ 0000, 0000],
[ 0000, 0000],
[ 0000, 0000],
[ 0000, 0000],
[ 0000, 4.7291e+03],
[ 2.5805e+04, 1.2329e+04],
[ 0000, 1.5313e+04],
[ 0000, 2.0481e+04],
[ 0000, 0000],
[ 0000, 5.6104e+04],
[ 0000, 0000],
[ 0000, 0000]],
[[ 0000, 0000],
[ 0000, 0000],
[ 0000, 0000],
[ 0000, 0000],
[ 0000, 0000],
[ 0000, 2.1662e+04],
[ 0000, 0000],
[ 0000, 0000],
[ 0000, 0000],
[ 0000, 0000],
[ 0000, 0000],
[ 0000, 0000]],
[[ 0000, 0000],
[ 0000, 0000],
[ 0000, 5.0415e+03],
[ 0000, 0000],
[ 0000, 0000],
[ 0000, 0000],
[ 0000, 1.8060e+04],
[ 0000, 1.5540e+04],
[ 0000, 0000],
[ 0000, 5.0175e+04],
[ 0000, 0000],
[ 0000, 0000]],
[[ 0000, 0000],
[ 0000, 0000],
[ 0000, 0000],
[ 0000, 0000],
[ 0000, 0000],
[ 0000, 0000],
[ 0000, 0000],
[ 0000, 0000],
[ 0000, 0000],
[ 0000, 0000],
[ 0000, 0000],
[ 0000, 0000]],
[[ 0000, 0000],
[ 0000, 0000],
[ 0000, 0000],
[ 0000, 0000],
[ 0000, 2.0557e+04],
[ 0000, 0000],
[ 0000, 0000],
[ 0000, 0000],
[ 0000, 0000],
[ 0000, 2.4734e+04],
[ 0000, 3.9718e+04],
[ 0000, 0000]],
[[ 0000, 0000],
[ 0000, 0000],
[ 0000, 0000],
[ 0000, 0000],
[ 0000, 0000],
[ 0000, 2.5434e+04],
[ 0000, 0000],
[ 0000, 0000],
[ 0000, 0000],
[ 0000, 2.2154e+04],
[ 0000, 0000],
[ 0000, 0000]],
[[ 0000, 0000],
[ 0000, 0000],
[ 0000, 0000],
[ 0000, 2.0412e+04],
[ 0000, 0000],
[ 0000, 1.1499e+05],
[ 0000, 0000],
[ 0000, 3.2264e+04],
[ 0000, 0000],
[ 0000, 1.3760e+04],
[ 0000, 0000],
[ 0000, 0000]],
[[ 0000, 0000],
[ 0000, 0000],
[ 0000, 0000],
[ 0000, 0000],
[ 0000, 0000],
[ 1.1485e+04, 0000],
[ 0000, 0000],
[ 0000, 0000],
[ 0000, 0000],
[ 0000, 0000],
[ 0000, 0000],
[ 0000, 0000]],
[[ 0000, 0000],
[ 0000, 0000],
[ 0000, 0000],
[ 0000, 0000],
[ 0000, 0000],
[ 0000, 0000],
[ 0000, 0000],
[ 0000, 0000],
[ 0000, 0000],
[ 0000, 1.3487e+04],
[ 0000, 0000],
[ 0000, 0000]],
[[ 0000, 0000],
[ 0000, 0000],
[ 0000, 3.5138e+04],
[ 0000, 0000],
[ 0000, 4.9828e+04],
[ 0000, 0000],
[ 0000, 0000],
[ 0000, 1.3889e+04],
[ 0000, 0000],
[ 0000, 3.8672e+04],
[ 0000, 2.4259e+04],
[ 0000, 0000]],
],
[[[ 0000, 0000],
[ 0000, 0000],
[ 0000, 0000],
[ 0000, 0000],
[ 0000, 0000],
[ 0000, 0000],
[ 0000, 0000],
[ 0000, 0000],
[ 0000, 0000],
[ 0000, 0000],
[ 0000, 0000],
[ 0000, 0000]],
[[ 0000, 0000],
[ 0000, 0000],
[ 0000, 9.2617e+04],
[ 0000, 0000],
[ 0000, 0000],
[ 0000, 0000],
[ 0000, 0000],
[ 0000, 2.2089e+04],
[ 0000, 0000],
[ 0000, 0000],
[ 0000, 0000],
[ 0000, 0000]],
[[ 0000, 0000],
[ 0000, 0000],
[ 0000, 0000],
[ 0000, 0000],
[ 0000, 0000],
[ 0000, 0000],
[ 0000, 0000],
[ 0000, 0000],
[ 0000, 0000],
[ 0000, 0000],
[ 0000, 0000],
[ 0000, 0000]],
[[ 0000, 0000],
[ 0000, 7.1482e+03],
[ 0000, 1.5896e+04],
[ 0000, 0000],
[ 0000, 1.5278e+04],
[ 0000, 4.2479e+03],
[ 0000, 1.1985e+04],
[ 0000, 2.2245e+04],
[ 0000, 1.8772e+04],
[ 0000, 3.1882e+03],
[ 0000, 1.4997e+04],
[ 0000, 0000]],
[[ 0000, 0000],
[ 0000, 0000],
[ 0000, 0000],
[ 0000, 0000],
[ 0000, 0000],
[ 0000, 0000],
[ 0000, 0000],
[ 0000, 0000],
[ 0000, 0000],
[ 0000, 0000],
[ 0000, 0000],
[ 0000, 0000]],
[[ 0000, 0000],
[ 0000, 0000],
[ 0000, 1.9427e+04],
[ 0000, 0000],
[ 0000, 1.6589e+04],
[ 0000, 0000],
[ 0000, 1.4716e+04],
[ 0000, 3.1352e+04],
[ 0000, 0000],
[ 0000, 4.9037e+03],
[ 0000, 0000],
[ 0000, 0000]],
[[ 0000, 0000],
[ 0000, 0000],
[ 0000, 0000],
[ 0000, 0000],
[ 0000, 2.5105e+05],
[ 0000, 0000],
[ 0000, 0000],
[ 0000, 0000],
[ 0000, 0000],
[ 0000, 1.7642e+04],
[ 0000, 0000],
[ 0000, 0000]],
[[ 0000, 0000],
[ 0000, 0000],
[ 0000, 2.6077e+04],
[ 0000, 0000],
[ 5.4668e+04, 1.3484e+04],
[ 0000, 0000],
[ 0000, 0000],
[ 0000, 0000],
[ 0000, 0000],
[ 0000, 2.8737e+04],
[ 0000, 0000],
[ 0000, 0000]],
[[ 0000, 0000],
[ 0000, 1.3765e+04],
[ 0000, 2.2895e+04],
[ 0000, 1.6998e+04],
[ 0000, 1.1452e+04],
[ 0000, 2.2341e+04],
[ 0000, 0000],
[ 0000, 3.4680e+03],
[ 0000, 0000],
[ 0000, 2.1473e+04],
[ 0000, 0000],
[ 0000, 0000]],
[[ 0000, 0000],
[ 0000, 0000],
[ 0000, 1.6980e+04],
[ 0000, 0000],
[ 0000, 1.6641e+04],
[ 0000, 0000],
[ 0000, 0000],
[ 0000, 2.8305e+04],
[ 0000, 0000],
[ 0000, 0000],
[ 0000, 0000],
[ 0000, 0000]],
[[ 0000, 0000],
[ 0000, 0000],
[ 0000, 1.1510e+04],
[ 0000, 1.6255e+04],
[ 0000, 3.0500e+04],
[ 0000, 1.4418e+04],
[ 0000, 3.2650e+04],
[ 0000, 1.0630e+04],
[ 0000, 0000],
[ 1.5741e+05, 1.8989e+04],
[ 0000, 0000],
[ 0000, 0000]],
[[ 0000, 0000],
[ 0000, 0000],
[ 0000, 0000],
[ 0000, 0000],
[ 0000, 3.4110e+04],
[ 0000, 0000],
[ 0000, 0000],
[ 0000, 0000],
[ 0000, 0000],
[ 0000, 0000],
[ 0000, 0000],
[ 0000, 0000]],
],
[[[ 0000, 0000],
[ 0000, 0000],
[ 0000, 0000],
[ 0000, 0000],
[ 0000, 0000],
[ 0000, 0000],
[ 0000, 0000],
[ 0000, 0000],
[ 0000, 0000],
[ 0000, 0000],
[ 0000, 0000],
[ 0000, 0000]],
[[ 0000, 0000],
[ 0000, 0000],
[ 0000, 0000],
[ 0000, 0000],
[ 0000, 0000],
[ 0000, 0000],
[ 0000, 0000],
[ 0000, 0000],
[ 0000, 0000],
[ 0000, 0000],
[ 0000, 0000],
[ 0000, 0000]],
[[ 0000, 0000],
[ 0000, 1.3678e+04],
[ 0000, 0000],
[ 0000, 0000],
[ 0000, 0000],
[ 0000, 0000],
[ 0000, 0000],
[ 0000, 1.7533e+04],
[ 0000, 0000],
[ 0000, 0000],
[ 0000, 0000],
[ 0000, 0000]],
[[ 0000, 0000],
[ 0000, 0000],
[ 0000, 0000],
[ 0000, 0000],
[ 0000, 0000],
[ 0000, 5.0173e+03],
[ 0000, 0000],
[ 0000, 4.8700e+04],
[ 0000, 2.2126e+04],
[ 0000, 2.9832e+04],
[ 0000, 0000],
[ 0000, 0000]],
[[ 0000, 0000],
[ 0000, 0000],
[ 0000, 4.7114e+03],
[ 0000, 0000],
[ 0000, 0000],
[ 0000, 1.1609e+04],
[ 0000, 0000],
[ 0000, 1.5405e+04],
[ 0000, 0000],
[ 0000, 1.8384e+04],
[ 0000, 0000],
[ 0000, 0000]],
[[ 0000, 0000],
[ 0000, 0000],
[ 0000, 0000],
[ 0000, 0000],
[ 0000, 0000],
[ 0000, 0000],
[ 0000, 0000],
[ 0000, 4.6983e+03],
[ 0000, 2.4977e+04],
[ 0000, 5.3750e+03],
[ 0000, 0000],
[ 0000, 0000]],
[[ 0000, 0000],
[ 0000, 0000],
[ 0000, 3.0827e+04],
[ 0000, 1.7345e+04],
[ 0000, 4.0244e+04],
[ 0000, 2.5246e+04],
[ 0000, 0000],
[ 0000, 2.6339e+04],
[ 0000, 8.0074e+03],
[ 0000, 4.4621e+04],
[ 0000, 4.8627e+04],
[ 0000, 0000]],
[[ 0000, 0000],
[ 0000, 0000],
[ 0000, 0000],
[ 0000, 0000],
[ 0000, 0000],
[ 0000, 0000],
[ 0000, 0000],
[ 0000, 0000],
[ 0000, 0000],
[ 0000, 0000],
[ 0000, 0000],
[ 0000, 0000]],
[[ 0000, 0000],
[ 0000, 0000],
[ 0000, 0000],
[ 0000, 0000],
[ 0000, 0000],
[ 0000, 0000],
[ 0000, 0000],
[ 0000, 2.2405e+04],
[ 0000, 0000],
[ 0000, 0000],
[ 0000, 0000],
[ 0000, 0000]],
[[ 0000, 0000],
[ 0000, 0000],
[ 0000, 1.6158e+04],
[ 0000, 0000],
[ 0000, 0000],
[ 0000, 5.3559e+03],
[ 0000, 0000],
[ 0000, 5.3638e+03],
[ 0000, 1.6617e+04],
[ 0000, 0000],
[ 0000, 0000],
[ 0000, 0000]],
[[ 0000, 0000],
[ 0000, 0000],
[ 0000, 1.8926e+04],
[ 0000, 2.8196e+04],
[ 0000, 2.2587e+04],
[ 0000, 4.7403e+04],
[ 0000, 5.5166e+04],
[ 0000, 4.7878e+04],
[ 0000, 1.2359e+04],
[ 0000, 1.7396e+05],
[ 0000, 0000],
[ 0000, 0000]],
[[ 0000, 0000],
[ 0000, 0000],
[ 0000, 5.5333e+04],
[ 0000, 1.4047e+04],
[ 0000, 9.9186e+04],
[ 0000, 1.8708e+04],
[ 0000, 0000],
[ 0000, 2.0448e+04],
[ 0000, 0000],
[ 0000, 2.8243e+04],
[ 0000, 2.5909e+04],
[ 0000, 0000]],
],
[[[ 0000, 0000],
[ 0000, 0000],
[ 0000, 0000],
[ 0000, 0000],
[ 0000, 0000],
[ 0000, 0000],
[ 0000, 0000],
[ 0000, 0000],
[ 0000, 0000],
[ 0000, 0000],
[ 0000, 0000],
[ 0000, 0000]],
[[ 0000, 0000],
[ 0000, 0000],
[ 0000, 1.7824e+04],
[ 0000, 9.7219e+03],
[ 0000, 1.2316e+04],
[ 0000, 1.6188e+04],
[ 0000, 0000],
[ 0000, 2.8053e+04],
[ 0000, 1.3437e+04],
[ 0000, 3.2797e+04],
[ 0000, 0000],
[ 0000, 0000]],
[[ 0000, 0000],
[ 0000, 0000],
[ 0000, 0000],
[ 0000, 0000],
[ 0000, 5.0038e+03],
[ 2.9779e+04, 1.2319e+04],
[ 0000, 1.2772e+04],
[ 0000, 1.8399e+04],
[ 0000, 0000],
[ 0000, 2.1490e+04],
[ 0000, 0000],
[ 0000, 0000]],
[[ 0000, 0000],
[ 0000, 0000],
[ 0000, 0000],
[ 0000, 0000],
[ 0000, 0000],
[ 0000, 6.8627e+03],
[ 0000, 0000],
[ 0000, 0000],
[ 0000, 0000],
[ 0000, 1.7712e+04],
[ 0000, 0000],
[ 0000, 0000]],
[[ 0000, 0000],
[ 0000, 0000],
[ 0000, 3.9165e+04],
[ 0000, 0000],
[ 0000, 0000],
[ 3.8134e+04, 0000],
[ 0000, 1.8412e+04],
[ 0000, 1.1476e+04],
[ 0000, 0000],
[ 0000, 1.7325e+04],
[ 0000, 0000],
[ 0000, 0000]],
[[ 0000, 0000],
[ 0000, 0000],
[ 0000, 0000],
[ 0000, 0000],
[ 0000, 0000],
[ 0000, 0000],
[ 0000, 0000],
[ 0000, 0000],
[ 0000, 0000],
[ 0000, 8.1740e+03],
[ 0000, 0000],
[ 0000, 0000]],
[[ 0000, 0000],
[ 0000, 0000],
[ 0000, 0000],
[ 0000, 0000],
[ 0000, 0000],
[ 0000, 0000],
[ 0000, 0000],
[ 0000, 0000],
[ 0000, 0000],
[ 0000, 0000],
[ 0000, 2.2758e+04],
[ 0000, 0000]],
[[ 0000, 0000],
[ 0000, 0000],
[ 0000, 0000],
[ 0000, 2.0061e+04],
[ 0000, 0000],
[ 0000, 3.6687e+04],
[ 0000, 0000],
[ 0000, 0000],
[ 0000, 0000],
[ 0000, 5.1892e+03],
[ 0000, 0000],
[ 0000, 0000]],
[[ 0000, 0000],
[ 0000, 0000],
[ 0000, 0000],
[ 0000, 2.3868e+04],
[ 0000, 0000],
[ 0000, 3.8787e+03],
[ 0000, 0000],
[ 0000, 3.3169e+04],
[ 0000, 0000],
[ 0000, 2.8688e+04],
[ 0000, 0000],
[ 0000, 0000]],
[[ 0000, 0000],
[ 0000, 0000],
[ 0000, 0000],
[ 0000, 0000],
[ 0000, 0000],
[ 0000, 0000],
[ 0000, 0000],
[ 0000, 0000],
[ 0000, 0000],
[ 0000, 0000],
[ 0000, 0000],
[ 0000, 0000]],
[[ 0000, 0000],
[ 0000, 0000],
[ 0000, 0000],
[ 0000, 0000],
[ 0000, 0000],
[ 0000, 0000],
[ 0000, 0000],
[ 0000, 0000],
[ 0000, 0000],
[ 0000, 0000],
[ 0000, 0000],
[ 0000, 0000]],
[[ 0000, 0000],
[ 0000, 0000],
[ 0000, 2.2440e+04],
[ 0000, 0000],
[ 0000, 3.2797e+04],
[ 0000, 0000],
[ 0000, 0000],
[ 0000, 0000],
[ 0000, 0000],
[ 0000, 1.2452e+04],
[ 0000, 1.6401e+04],
[ 0000, 0000]],
],
[[[ 0000, 0000],
[ 0000, 0000],
[ 0000, 0000],
[ 0000, 0000],
[ 0000, 0000],
[ 0000, 0000],
[ 0000, 0000],
[ 0000, 0000],
[ 0000, 0000],
[ 0000, 0000],
[ 0000, 0000],
[ 0000, 0000]],
[[ 0000, 0000],
[ 0000, 0000],
[ 0000, 0000],
[ 0000, 0000],
[ 0000, 0000],
[ 0000, 0000],
[ 0000, 0000],
[ 0000, 0000],
[ 0000, 0000],
[ 0000, 0000],
[ 0000, 0000],
[ 0000, 0000]],
[[ 0000, 0000],
[ 0000, 0000],
[ 0000, 0000],
[ 0000, 0000],
[ 0000, 0000],
[ 0000, 0000],
[ 0000, 0000],
[ 0000, 1.4836e+04],
[ 0000, 0000],
[ 0000, 0000],
[ 0000, 0000],
[ 0000, 0000]],
[[ 0000, 0000],
[ 0000, 0000],
[ 0000, 1.0233e+04],
[ 0000, 0000],
[ 0000, 1.0983e+04],
[ 0000, 4.4402e+03],
[ 0000, 0000],
[ 0000, 4.9552e+04],
[ 0000, 2.3171e+04],
[ 0000, 3.0202e+04],
[ 0000, 0000],
[ 0000, 0000]],
[[ 0000, 0000],
[ 0000, 0000],
[ 0000, 5.2198e+03],
[ 0000, 0000],
[ 0000, 0000],
[ 0000, 0000],
[ 0000, 0000],
[ 0000, 1.5923e+04],
[ 0000, 0000],
[ 0000, 1.7087e+04],
[ 0000, 0000],
[ 0000, 0000]],
[[ 0000, 0000],
[ 0000, 0000],
[ 0000, 1.3859e+04],
[ 0000, 0000],
[ 0000, 0000],
[ 0000, 0000],
[ 0000, 0000],
[ 0000, 4.4956e+03],
[ 0000, 2.7340e+04],
[ 0000, 4.9443e+03],
[ 0000, 0000],
[ 0000, 0000]],
[[ 0000, 0000],
[ 0000, 0000],
[ 0000, 3.8802e+04],
[ 0000, 1.6494e+04],
[ 0000, 4.8147e+04],
[ 0000, 2.5914e+04],
[ 0000, 0000],
[ 0000, 2.4497e+04],
[ 0000, 8.4076e+03],
[ 0000, 3.9197e+04],
[ 0000, 4.9747e+04],
[ 0000, 0000]],
[[ 0000, 0000],
[ 0000, 0000],
[ 0000, 0000],
[ 0000, 0000],
[ 0000, 0000],
[ 0000, 0000],
[ 0000, 0000],
[ 0000, 0000],
[ 0000, 0000],
[ 0000, 0000],
[ 0000, 0000],
[ 0000, 0000]],
[[ 0000, 0000],
[ 0000, 0000],
[ 0000, 0000],
[ 0000, 0000],
[ 2.8443e+04, 0000],
[ 0000, 0000],
[ 0000, 0000],
[ 0000, 2.5213e+04],
[ 0000, 0000],
[ 0000, 0000],
[ 0000, 0000],
[ 0000, 0000]],
[[ 0000, 0000],
[ 0000, 0000],
[ 0000, 2.1691e+04],
[ 0000, 0000],
[ 0000, 2.0800e+04],
[ 0000, 4.7085e+03],
[ 0000, 0000],
[ 0000, 5.0713e+03],
[ 0000, 1.9087e+04],
[ 0000, 0000],
[ 0000, 0000],
[ 0000, 0000]],
[[ 0000, 0000],
[ 0000, 0000],
[ 0000, 1.3406e+04],
[ 0000, 1.4852e+04],
[ 0000, 1.4490e+04],
[ 0000, 1.8949e+04],
[ 0000, 2.0526e+04],
[ 0000, 1.9145e+04],
[ 0000, 9.7366e+03],
[ 0000, 2.4025e+04],
[ 0000, 0000],
[ 0000, 0000]],
[[ 0000, 0000],
[ 0000, 0000],
[ 0000, 1.3868e+05],
[ 0000, 1.4785e+04],
[ 0000, 3.7794e+05],
[ 0000, 2.0891e+04],
[ 0000, 0000],
[ 0000, 2.2066e+04],
[ 0000, 0000],
[ 0000, 2.7687e+04],
[ 0000, 3.1535e+04],
[ 0000, 0000]],
],
[[[ 0000, 0000],
[ 0000, 0000],
[ 0000, 0000],
[ 0000, 0000],
[ 0000, 0000],
[ 0000, 0000],
[ 0000, 0000],
[ 0000, 0000],
[ 0000, 0000],
[ 0000, 0000],
[ 0000, 0000],
[ 0000, 0000]],
[[ 0000, 0000],
[ 0000, 0000],
[ 0000, 6.3401e+04],
[ 0000, 0000],
[ 0000, 2.6565e+04],
[ 0000, 1.0842e+04],
[ 0000, 0000],
[ 0000, 3.2064e+04],
[ 0000, 0000],
[ 0000, 1.5217e+04],
[ 0000, 0000],
[ 0000, 0000]],
[[ 0000, 0000],
[ 0000, 0000],
[ 0000, 0000],
[ 0000, 0000],
[ 0000, 7.5970e+03],
[ 0000, 0000],
[ 0000, 0000],
[ 0000, 0000],
[ 0000, 0000],
[ 0000, 0000],
[ 0000, 0000],
[ 0000, 0000]],
[[ 0000, 0000],
[ 0000, 0000],
[ 0000, 1.0062e+04],
[ 0000, 0000],
[ 0000, 0000],
[ 0000, 4.6877e+03],
[ 0000, 1.1057e+04],
[ 0000, 2.1169e+04],
[ 0000, 0000],
[ 0000, 4.1102e+03],
[ 0000, 1.5820e+04],
[ 0000, 0000]],
[[ 0000, 0000],
[ 0000, 0000],
[ 0000, 0000],
[ 0000, 0000],
[ 0000, 0000],
[ 0000, 0000],
[ 0000, 0000],
[ 0000, 0000],
[ 0000, 0000],
[ 0000, 0000],
[ 0000, 0000],
[ 0000, 0000]],
[[ 0000, 0000],
[ 0000, 0000],
[ 0000, 1.1840e+04],
[ 0000, 0000],
[ 0000, 0000],
[ 0000, 0000],
[ 0000, 1.1121e+04],
[ 0000, 2.6245e+04],
[ 0000, 0000],
[ 0000, 4.6724e+03],
[ 0000, 1.2127e+04],
[ 0000, 0000]],
[[ 0000, 0000],
[ 0000, 0000],
[ 0000, 0000],
[ 0000, 0000],
[ 0000, 0000],
[ 0000, 0000],
[ 0000, 0000],
[ 0000, 0000],
[ 0000, 0000],
[ 0000, 0000],
[ 0000, 0000],
[ 0000, 0000]],
[[ 0000, 0000],
[ 0000, 0000],
[ 0000, 2.1995e+04],
[ 0000, 0000],
[ 0000, 1.5650e+04],
[ 0000, 4.7670e+04],
[ 0000, 0000],
[ 0000, 0000],
[ 0000, 0000],
[ 0000, 4.5200e+04],
[ 0000, 0000],
[ 0000, 0000]],
[[ 0000, 0000],
[ 0000, 1.4003e+04],
[ 0000, 1.4531e+04],
[ 0000, 2.0617e+04],
[ 0000, 1.0913e+04],
[ 0000, 2.8180e+04],
[ 0000, 0000],
[ 0000, 3.6352e+03],
[ 0000, 0000],
[ 0000, 2.6175e+04],
[ 0000, 7.2726e+03],
[ 0000, 0000]],
[[ 0000, 0000],
[ 0000, 0000],
[ 0000, 0000],
[ 0000, 0000],
[ 0000, 0000],
[ 0000, 0000],
[ 0000, 0000],
[ 0000, 0000],
[ 0000, 0000],
[ 0000, 0000],
[ 0000, 0000],
[ 0000, 0000]],
[[ 0000, 0000],
[ 0000, 0000],
[ 0000, 0000],
[ 0000, 0000],
[ 0000, 0000],
[ 0000, 1.5773e+04],
[ 0000, 5.1374e+03],
[ 0000, 0000],
[ 0000, 0000],
[ 0000, 2.2021e+04],
[ 0000, 0000],
[ 0000, 0000]],
[[ 0000, 0000],
[ 0000, 0000],
[ 0000, 0000],
[ 0000, 0000],
[ 0000, 0000],
[ 0000, 0000],
[ 0000, 0000],
[ 0000, 0000],
[ 0000, 0000],
[ 0000, 0000],
[ 0000, 0000],
[ 0000, 0000]],
],
];
C_sd_ul = [[[[ 0000, 0000],
[ 0000, 0000],
[ 0000, 0000],
[ 0000, 0000],
[ 0000, 0000],
[ 0000, 0000],
[ 0000, 0000],
[ 0000, 0000],
[ 0000, 0000],
[ 0000, 0000],
[ 0000, 0000],
[ 0000, 0000]],
[[ 0000, 0000],
[ 0000, 0000],
[ 0000, 7.8659e+03],
[ 0000, 0000],
[ 0000, 4.3896e+03],
[ 0000, 4.5878e+03],
[ 0000, 0000],
[ 0000, 5.0054e+04],
[ 0000, 7.0905e+03],
[ 0000, 1.9675e+04],
[ 0000, 0000],
[ 0000, 0000]],
[[ 0000, 0000],
[ 0000, 0000],
[ 0000, 0000],
[ 0000, 0000],
[ 0000, 2.1298e+04],
[ 0000, 9.8256e+03],
[ 0000, 4.6943e+03],
[ 0000, 1.0757e+04],
[ 0000, 0000],
[ 0000, 1.6892e+05],
[ 0000, 0000],
[ 0000, 0000]],
[[ 0000, 0000],
[ 0000, 0000],
[ 0000, 0000],
[ 0000, 0000],
[ 0000, 0000],
[ 0000, 2.2781e+04],
[ 0000, 0000],
[ 0000, 0000],
[ 0000, 0000],
[ 0000, 0000],
[ 0000, 0000],
[ 0000, 0000]],
[[ 0000, 0000],
[ 0000, 0000],
[ 0000, 2.1283e+04],
[ 0000, 0000],
[ 0000, 0000],
[ 0000, 0000],
[ 0000, 7.2323e+03],
[ 0000, 7.0214e+03],
[ 0000, 0000],
[ 0000, 1.0551e+05],
[ 0000, 0000],
[ 0000, 0000]],
[[ 0000, 0000],
[ 0000, 0000],
[ 0000, 0000],
[ 0000, 0000],
[ 0000, 0000],
[ 0000, 0000],
[ 0000, 0000],
[ 0000, 0000],
[ 0000, 0000],
[ 0000, 0000],
[ 0000, 0000],
[ 0000, 0000]],
[[ 0000, 0000],
[ 0000, 0000],
[ 0000, 0000],
[ 0000, 0000],
[ 0000, 6.3415e+03],
[ 0000, 0000],
[ 0000, 0000],
[ 0000, 0000],
[ 0000, 0000],
[ 0000, 1.3859e+04],
[ 0000, 1.1585e+04],
[ 0000, 0000]],
[[ 0000, 0000],
[ 0000, 0000],
[ 0000, 0000],
[ 0000, 0000],
[ 0000, 0000],
[ 0000, 1.8503e+04],
[ 0000, 0000],
[ 0000, 0000],
[ 2.1799e+04, 0000],
[ 0000, 1.4125e+04],
[ 0000, 0000],
[ 0000, 0000]],
[[ 0000, 0000],
[ 0000, 0000],
[ 0000, 0000],
[ 0000, 1.1034e+04],
[ 0000, 0000],
[ 0000, 4.2794e+04],
[ 0000, 0000],
[ 0000, 1.4435e+04],
[ 0000, 0000],
[ 0000, 8.7660e+03],
[ 0000, 0000],
[ 0000, 0000]],
[[ 0000, 0000],
[ 0000, 0000],
[ 0000, 0000],
[ 0000, 0000],
[ 0000, 0000],
[ 1.2412e+04, 0000],
[ 0000, 0000],
[ 0000, 0000],
[ 0000, 0000],
[ 0000, 0000],
[ 0000, 0000],
[ 0000, 0000]],
[[ 0000, 0000],
[ 0000, 0000],
[ 0000, 0000],
[ 0000, 0000],
[ 0000, 0000],
[ 0000, 0000],
[ 0000, 0000],
[ 0000, 0000],
[ 0000, 0000],
[ 0000, 1.1124e+04],
[ 0000, 0000],
[ 0000, 0000]],
[[ 0000, 0000],
[ 0000, 0000],
[ 0000, 7.3350e+03],
[ 0000, 0000],
[ 0000, 1.0741e+04],
[ 0000, 0000],
[ 0000, 0000],
[ 0000, 4.6877e+03],
[ 0000, 0000],
[ 0000, 1.8779e+04],
[ 0000, 7.2399e+03],
[ 0000, 0000]],
],
[[[ 0000, 0000],
[ 0000, 0000],
[ 0000, 0000],
[ 0000, 0000],
[ 0000, 0000],
[ 0000, 0000],
[ 0000, 0000],
[ 0000, 0000],
[ 0000, 0000],
[ 0000, 0000],
[ 0000, 0000],
[ 0000, 0000]],
[[ 0000, 0000],
[ 0000, 0000],
[ 0000, 3.1900e+04],
[ 0000, 0000],
[ 0000, 0000],
[ 0000, 0000],
[ 0000, 0000],
[ 0000, 6.1789e+03],
[ 0000, 0000],
[ 0000, 0000],
[ 0000, 0000],
[ 0000, 0000]],
[[ 0000, 0000],
[ 0000, 0000],
[ 0000, 0000],
[ 0000, 0000],
[ 0000, 0000],
[ 0000, 0000],
[ 0000, 0000],
[ 0000, 0000],
[ 0000, 0000],
[ 0000, 0000],
[ 0000, 0000],
[ 0000, 0000]],
[[ 0000, 0000],
[ 0000, 2.3154e+03],
[ 0000, 1.1692e+04],
[ 0000, 0000],
[ 0000, 1.1698e+04],
[ 0000, 9.0271e+04],
[ 0000, 4.7887e+03],
[ 0000, 1.2847e+04],
[ 0000, 6.1070e+03],
[ 0000, 2.3950e+05],
[ 0000, 5.9321e+03],
[ 0000, 0000]],
[[ 0000, 0000],
[ 0000, 0000],
[ 0000, 0000],
[ 0000, 0000],
[ 0000, 0000],
[ 0000, 0000],
[ 0000, 0000],
[ 0000, 0000],
[ 0000, 0000],
[ 0000, 0000],
[ 0000, 0000],
[ 0000, 0000]],
[[ 0000, 0000],
[ 0000, 0000],
[ 0000, 1.3125e+04],
[ 0000, 0000],
[ 0000, 1.1874e+04],
[ 0000, 0000],
[ 0000, 4.5142e+03],
[ 0000, 1.1037e+04],
[ 0000, 0000],
[ 0000, 2.9688e+04],
[ 0000, 0000],
[ 0000, 0000]],
[[ 0000, 0000],
[ 0000, 0000],
[ 0000, 0000],
[ 0000, 0000],
[ 0000, 1.9967e+05],
[ 0000, 0000],
[ 0000, 0000],
[ 0000, 0000],
[ 0000, 0000],
[ 0000, 5.6094e+03],
[ 0000, 0000],
[ 0000, 0000]],
[[ 0000, 0000],
[ 0000, 0000],
[ 0000, 3.1759e+04],
[ 0000, 0000],
[ 0000, 1.0617e+04],
[ 0000, 0000],
[ 0000, 0000],
[ 0000, 0000],
[ 0000, 0000],
[ 0000, 1.2170e+04],
[ 0000, 0000],
[ 0000, 0000]],
[[ 0000, 0000],
[ 0000, 5.2466e+03],
[ 0000, 2.0329e+03],
[ 0000, 4.4209e+03],
[ 0000, 8.0486e+03],
[ 0000, 7.7419e+03],
[ 0000, 0000],
[ 0000, 2.5822e+04],
[ 0000, 0000],
[ 0000, 8.6287e+03],
[ 0000, 0000],
[ 0000, 0000]],
[[ 0000, 0000],
[ 0000, 0000],
[ 0000, 1.3362e+04],
[ 0000, 0000],
[ 0000, 1.4577e+04],
[ 0000, 0000],
[ 0000, 0000],
[ 0000, 1.1121e+04],
[ 0000, 0000],
[ 0000, 0000],
[ 0000, 0000],
[ 0000, 0000]],
[[ 0000, 0000],
[ 0000, 0000],
[ 0000, 8.7281e+03],
[ 0000, 4.4810e+03],
[ 0000, 4.6320e+03],
[ 0000, 5.3518e+03],
[ 0000, 1.9494e+04],
[ 0000, 3.2966e+03],
[ 0000, 0000],
[ 0000, 9.4083e+03],
[ 0000, 0000],
[ 0000, 0000]],
[[ 0000, 0000],
[ 0000, 0000],
[ 0000, 0000],
[ 0000, 0000],
[ 0000, 3.4782e+04],
[ 0000, 0000],
[ 0000, 0000],
[ 0000, 0000],
[ 0000, 0000],
[ 0000, 0000],
[ 0000, 0000],
[ 0000, 0000]],
],
[[[ 0000, 0000],
[ 0000, 0000],
[ 0000, 0000],
[ 0000, 0000],
[ 0000, 0000],
[ 0000, 0000],
[ 0000, 0000],
[ 0000, 0000],
[ 0000, 0000],
[ 0000, 0000],
[ 0000, 0000],
[ 0000, 0000]],
[[ 0000, 0000],
[ 0000, 0000],
[ 0000, 0000],
[ 0000, 0000],
[ 0000, 0000],
[ 0000, 0000],
[ 0000, 0000],
[ 0000, 0000],
[ 0000, 0000],
[ 0000, 0000],
[ 0000, 0000],
[ 0000, 0000]],
[[ 0000, 0000],
[ 0000, 6.9465e+03],
[ 0000, 0000],
[ 0000, 0000],
[ 0000, 0000],
[ 0000, 0000],
[ 0000, 0000],
[ 0000, 9.2381e+03],
[ 0000, 0000],
[ 0000, 0000],
[ 0000, 0000],
[ 0000, 0000]],
[[ 0000, 0000],
[ 0000, 0000],
[ 0000, 0000],
[ 0000, 0000],
[ 0000, 0000],
[ 0000, 2.0828e+04],
[ 0000, 0000],
[ 0000, 4.2253e+04],
[ 0000, 9.2003e+03],
[ 0000, 1.1869e+04],
[ 0000, 0000],
[ 0000, 0000]],
[[ 0000, 0000],
[ 0000, 0000],
[ 0000, 2.6125e+04],
[ 0000, 0000],
[ 0000, 0000],
[ 0000, 4.0888e+03],
[ 0000, 0000],
[ 0000, 9.1294e+03],
[ 0000, 0000],
[ 0000, 6.3031e+03],
[ 0000, 0000],
[ 0000, 0000]],
[[ 0000, 0000],
[ 0000, 0000],
[ 0000, 0000],
[ 0000, 0000],
[ 0000, 0000],
[ 0000, 0000],
[ 0000, 0000],
[ 0000, 7.2838e+04],
[ 0000, 9.0038e+03],
[ 0000, 2.4691e+04],
[ 0000, 0000],
[ 0000, 0000]],
[[ 0000, 0000],
[ 0000, 0000],
[ 0000, 1.1764e+04],
[ 0000, 4.5085e+03],
[ 0000, 1.1184e+04],
[ 0000, 8.6994e+03],
[ 0000, 0000],
[ 0000, 1.5259e+04],
[ 0000, 3.4787e+03],
[ 0000, 1.6215e+04],
[ 0000, 1.0054e+04],
[ 0000, 0000]],
[[ 0000, 0000],
[ 0000, 0000],
[ 0000, 0000],
[ 0000, 0000],
[ 0000, 0000],
[ 0000, 0000],
[ 0000, 0000],
[ 0000, 0000],
[ 0000, 0000],
[ 0000, 0000],
[ 0000, 0000],
[ 0000, 0000]],
[[ 0000, 0000],
[ 0000, 0000],
[ 0000, 0000],
[ 0000, 0000],
[ 0000, 0000],
[ 0000, 0000],
[ 0000, 0000],
[ 0000, 1.5057e+04],
[ 0000, 0000],
[ 0000, 0000],
[ 0000, 0000],
[ 0000, 0000]],
[[ 0000, 0000],
[ 0000, 0000],
[ 0000, 6.0359e+03],
[ 0000, 0000],
[ 0000, 0000],
[ 0000, 2.3082e+04],
[ 0000, 0000],
[ 0000, 3.9241e+04],
[ 0000, 6.3279e+03],
[ 0000, 0000],
[ 0000, 0000],
[ 0000, 0000]],
[[ 0000, 0000],
[ 0000, 0000],
[ 0000, 5.2760e+03],
[ 0000, 6.4331e+03],
[ 0000, 5.1640e+03],
[ 0000, 9.3402e+03],
[ 0000, 5.7584e+03],
[ 0000, 1.6604e+04],
[ 0000, 3.9058e+03],
[ 0000, 1.8350e+04],
[ 0000, 0000],
[ 0000, 0000]],
[[ 0000, 0000],
[ 0000, 0000],
[ 0000, 1.9444e+04],
[ 0000, 6.1296e+04],
[ 0000, 3.0731e+04],
[ 0000, 5.3754e+03],
[ 0000, 0000],
[ 0000, 1.0310e+04],
[ 0000, 0000],
[ 0000, 8.7482e+03],
[ 0000, 2.8191e+05],
[ 0000, 0000]],
],
[[[ 0000, 0000],
[ 0000, 0000],
[ 0000, 0000],
[ 0000, 0000],
[ 0000, 0000],
[ 0000, 0000],
[ 0000, 0000],
[ 0000, 0000],
[ 0000, 0000],
[ 0000, 0000],
[ 0000, 0000],
[ 0000, 0000]],
[[ 0000, 0000],
[ 0000, 0000],
[ 0000, 7.0240e+03],
[ 0000, 4.8828e+03],
[ 0000, 5.2275e+03],
[ 0000, 1.0199e+04],
[ 0000, 0000],
[ 0000, 1.3734e+04],
[ 0000, 5.2929e+03],
[ 0000, 1.9675e+04],
[ 0000, 0000],
[ 0000, 0000]],
[[ 0000, 0000],
[ 0000, 0000],
[ 0000, 0000],
[ 0000, 0000],
[ 0000, 2.2424e+04],
[ 0000, 6.7747e+03],
[ 0000, 5.7627e+03],
[ 0000, 7.5372e+03],
[ 0000, 0000],
[ 0000, 1.3749e+04],
[ 0000, 0000],
[ 0000, 0000]],
[[ 0000, 0000],
[ 0000, 0000],
[ 0000, 0000],
[ 0000, 0000],
[ 0000, 0000],
[ 0000, 2.4033e+04],
[ 0000, 0000],
[ 0000, 0000],
[ 0000, 0000],
[ 0000, 1.2753e+04],
[ 0000, 0000],
[ 0000, 0000]],
[[ 0000, 0000],
[ 0000, 0000],
[ 0000, 2.2855e+04],
[ 0000, 0000],
[ 0000, 0000],
[ 0000, 0000],
[ 0000, 7.4413e+03],
[ 0000, 5.3609e+03],
[ 0000, 0000],
[ 0000, 1.1271e+04],
[ 0000, 0000],
[ 0000, 0000]],
[[ 0000, 0000],
[ 0000, 0000],
[ 0000, 0000],
[ 0000, 0000],
[ 0000, 0000],
[ 0000, 0000],
[ 1.6581e+04, 0000],
[ 0000, 0000],
[ 0000, 0000],
[ 0000, 1.7172e+04],
[ 0000, 0000],
[ 0000, 0000]],
[[ 0000, 0000],
[ 0000, 0000],
[ 0000, 0000],
[ 0000, 0000],
[ 0000, 0000],
[ 0000, 0000],
[ 0000, 0000],
[ 0000, 0000],
[ 0000, 0000],
[ 0000, 0000],
[ 0000, 1.1171e+04],
[ 0000, 0000]],
[[ 0000, 0000],
[ 0000, 0000],
[ 0000, 0000],
[ 0000, 8.4873e+03],
[ 0000, 0000],
[ 0000, 2.1342e+04],
[ 0000, 0000],
[ 0000, 0000],
[ 0000, 0000],
[ 0000, 1.4227e+05],
[ 0000, 0000],
[ 0000, 0000]],
[[ 0000, 0000],
[ 0000, 0000],
[ 0000, 0000],
[ 0000, 1.1926e+04],
[ 0000, 0000],
[ 0000, 4.1784e+04],
[ 0000, 0000],
[ 0000, 1.7086e+04],
[ 0000, 0000],
[ 0000, 1.7450e+04],
[ 0000, 0000],
[ 0000, 0000]],
[[ 0000, 0000],
[ 0000, 0000],
[ 0000, 0000],
[ 0000, 0000],
[ 0000, 0000],
[ 0000, 0000],
[ 0000, 0000],
[ 0000, 0000],
[ 0000, 0000],
[ 0000, 0000],
[ 0000, 0000],
[ 0000, 0000]],
[[ 0000, 0000],
[ 0000, 0000],
[ 0000, 0000],
[ 0000, 0000],
[ 0000, 0000],
[ 0000, 0000],
[ 0000, 0000],
[ 0000, 0000],
[ 0000, 0000],
[ 0000, 0000],
[ 0000, 0000],
[ 0000, 0000]],
[[ 0000, 0000],
[ 0000, 0000],
[ 0000, 2.2507e+05],
[ 0000, 0000],
[ 0000, 1.1319e+04],
[ 0000, 0000],
[ 0000, 0000],
[ 0000, 0000],
[ 0000, 0000],
[ 0000, 7.8863e+03],
[ 0000, 6.6982e+03],
[ 0000, 0000]],
],
[[[ 0000, 0000],
[ 0000, 0000],
[ 0000, 0000],
[ 0000, 0000],
[ 0000, 0000],
[ 0000, 0000],
[ 0000, 0000],
[ 0000, 0000],
[ 0000, 0000],
[ 0000, 0000],
[ 0000, 0000],
[ 0000, 0000]],
[[ 0000, 0000],
[ 0000, 0000],
[ 0000, 0000],
[ 0000, 0000],
[ 0000, 0000],
[ 0000, 0000],
[ 0000, 0000],
[ 0000, 0000],
[ 0000, 0000],
[ 0000, 0000],
[ 0000, 0000],
[ 0000, 0000]],
[[ 0000, 0000],
[ 0000, 0000],
[ 0000, 0000],
[ 0000, 0000],
[ 0000, 0000],
[ 0000, 0000],
[ 0000, 0000],
[ 0000, 6.1965e+03],
[ 0000, 0000],
[ 0000, 0000],
[ 0000, 0000],
[ 0000, 0000]],
[[ 0000, 0000],
[ 0000, 0000],
[ 0000, 3.8841e+03],
[ 0000, 0000],
[ 0000, 2.9649e+03],
[ 0000, 1.8099e+04],
[ 0000, 0000],
[ 0000, 3.9117e+04],
[ 0000, 8.4714e+03],
[ 0000, 1.1832e+04],
[ 0000, 0000],
[ 0000, 0000]],
[[ 0000, 0000],
[ 0000, 0000],
[ 0000, 7.5614e+04],
[ 0000, 0000],
[ 0000, 0000],
[ 0000, 0000],
[ 0000, 0000],
[ 0000, 7.7142e+03],
[ 0000, 0000],
[ 0000, 6.8210e+03],
[ 0000, 0000],
[ 0000, 0000]],
[[ 0000, 0000],
[ 0000, 0000],
[ 0000, 5.0054e+03],
[ 0000, 0000],
[ 0000, 0000],
[ 0000, 0000],
[ 0000, 0000],
[ 0000, 1.0724e+05],
[ 0000, 8.8038e+03],
[ 0000, 2.3921e+04],
[ 0000, 0000],
[ 0000, 0000]],
[[ 0000, 0000],
[ 0000, 0000],
[ 0000, 1.4847e+04],
[ 0000, 3.7067e+03],
[ 0000, 1.5389e+04],
[ 0000, 7.1762e+03],
[ 0000, 0000],
[ 0000, 1.0009e+04],
[ 0000, 2.7388e+03],
[ 0000, 1.0870e+04],
[ 0000, 7.6321e+03],
[ 0000, 0000]],
[[ 0000, 0000],
[ 0000, 0000],
[ 0000, 0000],
[ 0000, 0000],
[ 0000, 0000],
[ 0000, 0000],
[ 0000, 0000],
[ 0000, 0000],
[ 0000, 0000],
[ 0000, 0000],
[ 0000, 0000],
[ 0000, 0000]],
[[ 0000, 0000],
[ 0000, 0000],
[ 0000, 0000],
[ 0000, 0000],
[ 0000, 0000],
[ 0000, 0000],
[ 0000, 0000],
[ 0000, 1.2480e+04],
[ 0000, 0000],
[ 0000, 0000],
[ 0000, 0000],
[ 0000, 0000]],
[[ 0000, 0000],
[ 0000, 0000],
[ 0000, 7.0835e+03],
[ 0000, 0000],
[ 0000, 6.0042e+03],
[ 0000, 2.1891e+04],
[ 0000, 0000],
[ 0000, 2.8133e+04],
[ 0000, 6.6079e+03],
[ 0000, 0000],
[ 0000, 0000],
[ 0000, 0000]],
[[ 0000, 0000],
[ 0000, 0000],
[ 0000, 7.6086e+03],
[ 0000, 7.7196e+03],
[ 0000, 6.5247e+03],
[ 0000, 1.1285e+04],
[ 0000, 1.0886e+04],
[ 0000, 1.1335e+04],
[ 0000, 3.8550e+03],
[ 0000, 3.4639e+04],
[ 0000, 0000],
[ 0000, 0000]],
[[ 0000, 0000],
[ 0000, 0000],
[ 0000, 3.4998e+04],
[ 0000, 4.7774e+04],
[ 0000, 4.6555e+04],
[ 0000, 4.2897e+03],
[ 0000, 0000],
[ 0000, 7.8154e+03],
[ 0000, 0000],
[ 0000, 6.8350e+03],
[ 0000, 2.1231e+05],
[ 0000, 0000]],
],
[[[ 0000, 0000],
[ 0000, 0000],
[ 0000, 0000],
[ 0000, 0000],
[ 0000, 0000],
[ 0000, 0000],
[ 0000, 0000],
[ 0000, 0000],
[ 0000, 0000],
[ 0000, 0000],
[ 0000, 0000],
[ 0000, 0000]],
[[ 0000, 0000],
[ 0000, 0000],
[ 0000, 2.2405e+04],
[ 0000, 0000],
[ 0000, 1.2587e+04],
[ 0000, 3.0651e+03],
[ 0000, 0000],
[ 0000, 6.7849e+03],
[ 0000, 0000],
[ 0000, 5.5301e+03],
[ 0000, 0000],
[ 0000, 0000]],
[[ 0000, 0000],
[ 0000, 0000],
[ 0000, 0000],
[ 0000, 0000],
[ 0000, 2.3784e+04],
[ 0000, 0000],
[ 0000, 0000],
[ 0000, 0000],
[ 0000, 0000],
[ 0000, 0000],
[ 0000, 0000],
[ 0000, 0000]],
[[ 0000, 0000],
[ 0000, 0000],
[ 0000, 5.3386e+03],
[ 0000, 0000],
[ 0000, 0000],
[ 0000, 2.1051e+04],
[ 0000, 5.4488e+03],
[ 0000, 7.2460e+03],
[ 0000, 0000],
[ 0000, 2.7842e+04],
[ 0000, 5.0058e+03],
[ 0000, 0000]],
[[ 0000, 0000],
[ 0000, 0000],
[ 0000, 0000],
[ 0000, 0000],
[ 0000, 0000],
[ 0000, 0000],
[ 0000, 0000],
[ 0000, 0000],
[ 0000, 0000],
[ 0000, 0000],
[ 0000, 0000],
[ 0000, 0000]],
[[ 0000, 0000],
[ 0000, 0000],
[ 0000, 6.1623e+03],
[ 0000, 0000],
[ 0000, 0000],
[ 0000, 0000],
[ 0000, 4.6026e+03],
[ 0000, 1.0026e+04],
[ 0000, 0000],
[ 0000, 4.8906e+04],
[ 0000, 4.0639e+03],
[ 0000, 0000]],
[[ 0000, 0000],
[ 0000, 0000],
[ 0000, 0000],
[ 0000, 0000],
[ 0000, 0000],
[ 0000, 0000],
[ 0000, 0000],
[ 0000, 0000],
[ 0000, 0000],
[ 0000, 0000],
[ 0000, 0000],
[ 0000, 0000]],
[[ 0000, 0000],
[ 0000, 0000],
[ 0000, 1.0494e+04],
[ 0000, 0000],
[ 0000, 9.7381e+03],
[ 0000, 1.0029e+04],
[ 0000, 0000],
[ 0000, 0000],
[ 0000, 0000],
[ 0000, 1.2297e+04],
[ 0000, 0000],
[ 0000, 0000]],
[[ 0000, 0000],
[ 0000, 4.0938e+03],
[ 0000, 8.1110e+03],
[ 0000, 5.6974e+03],
[ 0000, 7.6279e+03],
[ 0000, 8.7392e+03],
[ 0000, 0000],
[ 0000, 2.0139e+04],
[ 0000, 0000],
[ 0000, 1.3196e+04],
[ 0000, 2.5975e+03],
[ 0000, 0000]],
[[ 0000, 0000],
[ 0000, 0000],
[ 0000, 0000],
[ 0000, 0000],
[ 0000, 0000],
[ 0000, 0000],
[ 0000, 0000],
[ 0000, 0000],
[ 0000, 0000],
[ 0000, 0000],
[ 0000, 0000],
[ 0000, 0000]],
[[ 0000, 0000],
[ 0000, 0000],
[ 0000, 0000],
[ 0000, 0000],
[ 0000, 0000],
[ 0000, 4.9989e+03],
[ 0000, 1.3852e+04],
[ 0000, 0000],
[ 0000, 0000],
[ 0000, 7.5339e+03],
[ 0000, 0000],
[ 0000, 0000]],
[[ 0000, 0000],
[ 0000, 0000],
[ 0000, 0000],
[ 0000, 0000],
[ 0000, 0000],
[ 0000, 0000],
[ 0000, 0000],
[ 0000, 0000],
[ 0000, 0000],
[ 0000, 0000],
[ 0000, 0000],
[ 0000, 0000]],
],
];
min_rate_dl = 0048;
min_rate_ul = 1.2000e+01;
alpha = 8.0000e-01;
cs_tp_angles = [[ 4.9870e+01, 4.7294e+01, 2.1254e+01, 5.7248e+01, 1.5735e+01, 6.2076e+01],
[ 1.0289e+02, 1.5424e+02, 9.0845e+01, 1.1191e+02, 1.0098e+02, 1.4198e+02],
[ 6.0249e+01, 1.6833e+02, 3.5977e+02, 7.5251e+01, 3.4652e+02, 1.2140e+02],
[ 2.2366e+02, 2.2990e+02, 2.7197e+02, 1.9921e+02, 2.6984e+02, 2.1716e+02],
[ 4.4490e+01, 2.9527e+02, 3.5054e+02, 5.8789e+01, 3.4043e+02, 9.1624e+01],
[ 1.6703e+02, 2.2661e+02, 2.8191e+02, 1.6592e+02, 2.7762e+02, 2.0953e+02],
[ 3.5839e+02, 2.8996e+02, 3.2445e+02, 3.0322e+00, 3.1854e+02, 2.9503e+02],
[ 1.1456e+02, 2.0100e+02, 2.7950e+02, 1.3035e+02, 2.7217e+02, 1.8004e+02],
[ 1.5486e+02, 1.9961e+02, 2.3025e+02, 1.5742e+02, 2.3563e+02, 1.8611e+02],
[ 5.4324e+01, 2.3145e+02, 2.9877e+02, 1.2387e+02, 2.9157e+02, 2.0957e+02],
[ 3.2479e+02, 2.7083e+02, 3.0557e+02, 3.1588e+02, 3.0119e+02, 2.6712e+02],
[ 1.8550e+01, 3.2401e+02, 3.4330e+02, 2.5977e+01, 3.3690e+02, 3.5071e+02]];
cs_cs_angles = [[ 0000, 6.3478e+00, 3.8923e+01, 4.8916e+01, 5.5742e+01, 4.6907e+01, 7.9852e+01, 3.3490e+01, 2.9734e+01, 4.9399e+01, 7.3861e+01, 0090],
[ 1.8635e+02, 0000, 1.5174e+02, 9.1657e+01, 1.4976e+02, 9.8279e+01, 1.3372e+02, 9.4938e+01, 6.5499e+01, 1.0939e+02, 1.1872e+02, 1.5011e+02],
[ 2.1892e+02, 3.3174e+02, 0000, 5.5989e+01, 1.4323e+02, 5.4195e+01, 1.1775e+02, 2.7146e+01, 2.3212e+01, 6.1574e+01, 9.7505e+01, 1.4841e+02],
[ 2.2892e+02, 2.7166e+02, 2.3599e+02, 0000, 2.2428e+02, 2.4220e+02, 1.8991e+02, 2.6810e+02, 3.0937e+02, 2.2733e+02, 1.6575e+02, 2.0377e+02],
[ 2.3574e+02, 3.2976e+02, 3.2323e+02, 4.4276e+01, 0000, 3.9318e+01, 1.0896e+02, 1.2343e+01, 1.4028e+01, 4.2314e+01, 8.7902e+01, 1.5080e+02],
[ 2.2691e+02, 2.7828e+02, 2.3419e+02, 6.2199e+01, 2.1932e+02, 0000, 1.7720e+02, 2.8379e+02, 3.3287e+02, 2.0942e+02, 1.4746e+02, 1.9610e+02],
[ 2.5985e+02, 3.1372e+02, 2.9775e+02, 9.9112e+00, 2.8896e+02, 3.5720e+02, 0000, 3.3630e+02, 3.4771e+02, 3.4844e+02, 5.6696e+01, 2.3883e+02],
[ 2.1349e+02, 2.7494e+02, 2.0715e+02, 8.8100e+01, 1.9234e+02, 1.0379e+02, 1.5630e+02, 0000, 1.7123e+01, 1.3380e+02, 1.3280e+02, 1.7675e+02],
[ 2.0973e+02, 2.4550e+02, 2.0321e+02, 1.2937e+02, 1.9403e+02, 1.5287e+02, 1.6771e+02, 1.9712e+02, 0000, 1.6697e+02, 1.4977e+02, 1.8209e+02],
[ 2.2940e+02, 2.8939e+02, 2.4157e+02, 4.7334e+01, 2.2231e+02, 2.9425e+01, 1.6844e+02, 3.1380e+02, 3.4697e+02, 0000, 1.3223e+02, 1.9324e+02],
[ 2.5386e+02, 2.9872e+02, 2.7750e+02, 3.4575e+02, 2.6790e+02, 3.2746e+02, 2.3670e+02, 3.1280e+02, 3.2977e+02, 3.1223e+02, 0000, 2.3774e+02],
[ 0270, 3.3011e+02, 3.2841e+02, 2.3767e+01, 3.3080e+02, 1.6102e+01, 5.8834e+01, 3.5675e+02, 2.0931e+00, 1.3243e+01, 5.7745e+01, 0000]];
ncr_minangle = [[ 0000, 9.6348e+01, 1.2892e+02, 1.3892e+02, 1.4574e+02, 1.3691e+02, 1.6985e+02, 1.2349e+02, 1.1973e+02, 1.3940e+02, 1.6386e+02, 0180],
[ 2.7635e+02, 0000, 2.4174e+02, 1.8166e+02, 2.3976e+02, 1.8828e+02, 2.2372e+02, 1.8494e+02, 1.5550e+02, 1.9939e+02, 2.0872e+02, 2.4011e+02],
[ 3.0892e+02, 6.1744e+01, 0000, 1.4599e+02, 2.3323e+02, 1.4419e+02, 2.0775e+02, 1.1715e+02, 1.1321e+02, 1.5157e+02, 1.8750e+02, 2.3841e+02],
[ 3.1892e+02, 1.6567e+00, 3.2599e+02, 0000, 3.1428e+02, 3.3220e+02, 2.7991e+02, 3.5810e+02, 3.9370e+01, 3.1733e+02, 2.5575e+02, 2.9377e+02],
[ 3.2574e+02, 5.9756e+01, 5.3235e+01, 1.3428e+02, 0000, 1.2932e+02, 1.9896e+02, 1.0234e+02, 1.0403e+02, 1.3231e+02, 1.7790e+02, 2.4080e+02],
[ 3.1691e+02, 8.2791e+00, 3.2419e+02, 1.5220e+02, 3.0932e+02, 0000, 2.6720e+02, 1.3788e+01, 6.2872e+01, 2.9942e+02, 2.3746e+02, 2.8610e+02],
[ 3.4985e+02, 4.3721e+01, 2.7755e+01, 9.9911e+01, 1.8956e+01, 8.7195e+01, 0000, 6.6300e+01, 7.7714e+01, 7.8439e+01, 1.4670e+02, 3.2883e+02],
[ 3.0349e+02, 4.9379e+00, 2.9715e+02, 1.7810e+02, 2.8234e+02, 1.9379e+02, 2.4630e+02, 0000, 1.0712e+02, 2.2380e+02, 2.2280e+02, 2.6675e+02],
[ 2.9973e+02, 3.3550e+02, 2.9321e+02, 2.1937e+02, 2.8403e+02, 2.4287e+02, 2.5771e+02, 2.8712e+02, 0000, 2.5697e+02, 2.3977e+02, 2.7209e+02],
[ 3.1940e+02, 1.9386e+01, 3.3157e+02, 1.3733e+02, 3.1231e+02, 1.1942e+02, 2.5844e+02, 4.3803e+01, 7.6973e+01, 0000, 2.2223e+02, 2.8324e+02],
[ 3.4386e+02, 2.8719e+01, 7.5048e+00, 7.5754e+01, 3.5790e+02, 5.7459e+01, 3.2670e+02, 4.2803e+01, 5.9772e+01, 4.2231e+01, 0000, 3.2774e+02],
[ 0000, 6.0107e+01, 5.8406e+01, 1.1377e+02, 6.0799e+01, 1.0610e+02, 1.4883e+02, 8.6749e+01, 9.2093e+01, 1.0324e+02, 1.4774e+02, 0000]];
ncr_maxangle = [[ 0000, 2.7635e+02, 3.0892e+02, 3.1892e+02, 3.2574e+02, 3.1691e+02, 3.4985e+02, 3.0349e+02, 2.9973e+02, 3.1940e+02, 3.4386e+02, 0000],
[ 9.6348e+01, 0000, 6.1744e+01, 1.6567e+00, 5.9756e+01, 8.2791e+00, 4.3721e+01, 4.9379e+00, 3.3550e+02, 1.9386e+01, 2.8719e+01, 6.0107e+01],
[ 1.2892e+02, 2.4174e+02, 0000, 3.2599e+02, 5.3235e+01, 3.2419e+02, 2.7755e+01, 2.9715e+02, 2.9321e+02, 3.3157e+02, 7.5048e+00, 5.8406e+01],
[ 1.3892e+02, 1.8166e+02, 1.4599e+02, 0000, 1.3428e+02, 1.5220e+02, 9.9911e+01, 1.7810e+02, 2.1937e+02, 1.3733e+02, 7.5754e+01, 1.1377e+02],
[ 1.4574e+02, 2.3976e+02, 2.3323e+02, 3.1428e+02, 0000, 3.0932e+02, 1.8956e+01, 2.8234e+02, 2.8403e+02, 3.1231e+02, 3.5790e+02, 6.0799e+01],
[ 1.3691e+02, 1.8828e+02, 1.4419e+02, 3.3220e+02, 1.2932e+02, 0000, 8.7195e+01, 1.9379e+02, 2.4287e+02, 1.1942e+02, 5.7459e+01, 1.0610e+02],
[ 1.6985e+02, 2.2372e+02, 2.0775e+02, 2.7991e+02, 1.9896e+02, 2.6720e+02, 0000, 2.4630e+02, 2.5771e+02, 2.5844e+02, 3.2670e+02, 1.4883e+02],
[ 1.2349e+02, 1.8494e+02, 1.1715e+02, 3.5810e+02, 1.0234e+02, 1.3788e+01, 6.6300e+01, 0000, 2.8712e+02, 4.3803e+01, 4.2803e+01, 8.6749e+01],
[ 1.1973e+02, 1.5550e+02, 1.1321e+02, 3.9370e+01, 1.0403e+02, 6.2872e+01, 7.7714e+01, 1.0712e+02, 0000, 7.6973e+01, 5.9772e+01, 9.2093e+01],
[ 1.3940e+02, 1.9939e+02, 1.5157e+02, 3.1733e+02, 1.3231e+02, 2.9942e+02, 7.8439e+01, 2.2380e+02, 2.5697e+02, 0000, 4.2231e+01, 1.0324e+02],
[ 1.6386e+02, 2.0872e+02, 1.8750e+02, 2.5575e+02, 1.7790e+02, 2.3746e+02, 1.4670e+02, 2.2280e+02, 2.3977e+02, 2.2223e+02, 0000, 1.4774e+02],
[ 0180, 2.4011e+02, 2.3841e+02, 2.9377e+02, 2.4080e+02, 2.8610e+02, 3.2883e+02, 2.6675e+02, 2.7209e+02, 2.8324e+02, 3.2774e+02, 0000]];
max_angle_span = 0080;
output_filename = "47.m";
M = 3.7841e+03;
donor_cs_id = 0012;
fakeris_cs_id = 0001;
ris_id = 0001;
ncr_id = 0002;
